pred_Dropout,pred_Enrolled,pred_Graduate,true
0.0058872066328875755,0.03507641288934618,0.9590363804777663,2
0.923280464335952,0.07330950672799733,0.0034100289360505425,0
0.04574607310516265,0.09411159981688758,0.8601423270779497,2
0.21265161287332232,0.657037237777366,0.13031114934931173,1
0.009228836631931536,0.05848799058685335,0.9322831727812152,2
0.016558340225198146,0.011155308505100806,0.972286351269701,2
0.03801434097231156,0.052078333970153615,0.9099073250575348,2
0.20133264620150879,0.47950047991311806,0.3191668738853732,0
0.03782994387809614,0.9346248546598356,0.027545201462068104,1
0.07914604956438964,0.04685197264296534,0.874001977792645,2
0.8651829621142266,0.1330905971539111,0.001726440731862314,0
0.25248103967895,0.6803204716221503,0.06719848869889979,0
0.9832423462145278,0.013710236701052281,0.0030474170844198745,0
0.006783631950350999,0.036069536141681006,0.9571468319079679,2
0.023568946199099893,0.03786424966445247,0.9385668041364476,2
0.31305994384658464,0.27711830046093355,0.40982175569248186,1
0.5332330210634784,0.45624693807248745,0.010520040864034007,1
0.009232223736797844,0.08315490329595995,0.9076128729672422,2
0.015671831143081103,0.05844724346256513,0.9258809253943537,2
0.11823979674600457,0.12865892710357502,0.7531012761504203,2
0.0644389375343943,0.03026554695968771,0.905295515505918,2
0.8560958200512448,0.12886413268455701,0.0150400472641981,2
0.06485301644729234,0.26721223244995806,0.6679347511027496,2
0.011847064463595524,0.04353587053330153,0.944617065003103,2
0.02126406296734506,0.03987285433056705,0.938863082702088,2
0.9639580440807585,0.034019505422527636,0.002022450496714041,0
0.9952076094534984,0.0020484833245119584,0.0027439072219895646,0
0.9268698230363999,0.07237455427407646,0.000755622689523828,0
0.9074701995323544,0.06134370504107445,0.03118609542657097,2
0.1866542339253908,0.8063591606184574,0.006986605456151775,0
0.027942122152958257,0.2835460027300054,0.6885118751170364,1
0.030616574907886135,0.7078511093671463,0.2615323157249675,1
0.002200068475325927,0.01648483846350072,0.9813150930611734,2
0.011528577310033258,0.17497323124896588,0.8134981914410008,2
0.9898909386204754,0.0064869800921869185,0.0036220812873376277,0
0.9740563464168001,0.023453838364010233,0.002489815219189697,0
0.009599858047703271,0.017564841993773103,0.9728352999585237,2
0.011009865772281704,0.014476136473630524,0.9745139977540878,2
0.019467892383072928,0.15465830678728176,0.8258738008296453,2
0.023473473669365676,0.5756518544899297,0.4008746718407047,1
0.22236323126992116,0.37682092347655244,0.4008158452535263,0
0.8330234393123302,0.15186512297570723,0.015111437711962591,0
0.009712658806941384,0.005290893965560211,0.9849964472274984,2
0.016820467930071987,0.02685120296639764,0.9563283291035305,2
0.004133811930865361,0.006236590565888911,0.9896295975032458,2
0.9846867022350463,0.010119666587922451,0.005193631177031279,0
0.16240448560699103,0.3585118478258514,0.4790836665671576,2
0.7536182706034237,0.10081079258782673,0.14557093680874975,0
0.04582710654346112,0.09304708237823273,0.8611258110783062,2
0.019457510157296617,0.029803008992520624,0.9507394808501829,2
0.011700984153383673,0.022115724319350712,0.9661832915272657,2
0.02815039676011761,0.026695103642766164,0.9451544995971163,2
0.9809853474779082,0.01874040550644559,0.00027424701564623185,0
0.016977170144799745,0.07131361945618789,0.9117092103990124,2
0.6546416125599964,0.33005491001189036,0.015303477428113176,0
0.006576490007152842,0.008341225754496855,0.9850822842383504,2
0.008816675090127703,0.005671296216173554,0.9855120286936988,2
0.01427010551837268,0.028870878235042387,0.956859016246585,2
0.9534615722706197,0.04021744524622493,0.006320982483155587,0
0.05116730829088063,0.7492351331386353,0.19959755857048395,1
0.3464676876259291,0.046718764339475395,0.6068135480345955,2
0.3870458437028298,0.5673980652038573,0.04555609109331297,2
0.0017880482225191964,0.0026478461313613447,0.9955641056461194,2
0.9758492614653779,0.008732180800020776,0.015418557734601449,0
0.005697504987804902,0.02449702936935139,0.9698054656428436,2
0.019787457841169705,0.10526527692766828,0.874947265231162,2
0.8801131620749023,0.10977245736864465,0.01011438055645304,0
0.0259916107077931,0.02680882623878549,0.9471995630534215,2
0.01022441235744124,0.022291629253405897,0.9674839583891529,2
0.9945471923509569,0.004410949401146554,0.0010418582478965463,0
0.9888604082114006,0.008359875921274214,0.0027797158673250905,0
0.07753255523847166,0.6253913483239136,0.2970760964376147,1
0.004759074632709076,0.00638756531384296,0.9888533600534478,2
0.010283108158277519,0.03995539616665532,0.9497614956750673,2
0.033920805926401704,0.18784164031936815,0.7782375537542302,2
0.008272310809567196,0.07729767521737231,0.9144300139730603,2
0.9777582722810183,0.01701375368530634,0.005227974033675331,0
0.014286523196104923,0.03389908661508536,0.9518143901888096,2
0.9820815180279411,0.01658435908915524,0.0013341228829037125,0
0.7574503885653798,0.09151554955124186,0.1510340618833783,0
0.342740293369748,0.6290127495242294,0.0282469571060225,1
0.016200023438690637,0.073333551600704,0.9104664249606055,2
0.006436142182039322,0.013471030087585054,0.9800928277303756,2
0.9814978016185938,0.017558233691412614,0.0009439646899935773,0
0.8217319836241902,0.07059286610698465,0.10767515026882515,0
0.8860324296708851,0.025847731944002757,0.08811983838511188,0
0.013903167554665842,0.02453646680566096,0.9615603656396733,2
0.009325305289516812,0.007655133176060741,0.9830195615344226,2
0.6869835735101582,0.0840787986685656,0.22893762782127614,0
0.034223198778389904,0.006711819556341018,0.9590649816652692,2
0.9857361965623209,0.00967272791924456,0.004591075518434384,0
0.35006156407634265,0.30178391396108206,0.34815452196257524,1
0.9528066844501252,0.027596411485685354,0.01959690406418939,0
0.8890952933736065,0.10880016852707705,0.002104538099316335,0
0.9989650636685579,0.0006847563102009371,0.0003501800212412086,0
0.08073085019953091,0.562184162017424,0.35708498778304504,2
0.04039898290871054,0.10038151051955013,0.8592195065717394,2
0.02501746001375537,0.03807076063012426,0.9369117793561202,2
0.4363920202040381,0.5463372171792629,0.01727076261669908,0
0.7597536221009276,0.07510623012556615,0.16514014777350622,0
0.010190148838304717,0.00795520640983356,0.9818546447518617,2
0.11815391793036821,0.7136808681113745,0.16816521395825712,0
0.9385218249834735,0.05901867051882355,0.0024595044977030016,1
0.02511970785832832,0.0240913162645552,0.9507889758771164,2
0.26170162198883,0.3441820597744799,0.3941163182366901,1
0.02464511858823602,0.026579700192413323,0.9487751812193507,2
0.007393427088993486,0.010361112628591615,0.982245460282415,2
0.9244432255518925,0.059517527425907324,0.01603924702220018,0
0.07314194633997917,0.92278116176763,0.0040768918923907455,1
0.016585598851687415,0.023260696161143374,0.9601537049871692,2
0.9968199024881181,0.0025603653543573384,0.0006197321575245778,0
0.07155931575093412,0.11746099171588165,0.8109796925331842,2
0.04954834121335665,0.12685701102404584,0.8235946477625975,1
0.05438686691405782,0.057957675780443314,0.8876554573054989,2
0.043483433740407654,0.04509508043932256,0.9114214858202697,2
0.019043542371391855,0.055278687901749946,0.9256777697268582,2
0.0430920021795723,0.29022523949287027,0.6666827583275574,1
0.10903820199380566,0.8242842501310298,0.06667754787516451,1
0.012742108711158622,0.0136678367648406,0.9735900545240008,2
0.1675730722934112,0.08007901000051376,0.7523479177060751,2
0.9823581873208461,0.014239472453562298,0.0034023402255915942,0
0.008135171675566669,0.011325503795081314,0.980539324529352,2
0.27388487330934996,0.2749372437519618,0.45117788293868827,2
0.13601348761890417,0.41512276230150547,0.4488637500795904,1
0.9673441172326763,0.03197080015726799,0.0006850826100557304,0
0.10203247380919452,0.8366793165360425,0.06128820965476303,1
0.06663946896131939,0.0711766196044048,0.8621839114342758,2
0.9960642212127679,0.0038057831860924987,0.00012999560113951614,0
0.3227629368651803,0.585874721813897,0.0913623413209228,0
0.986791551332516,0.007853980380171939,0.0053544682873121,0
0.9975956439662224,0.001980970721027965,0.00042338531274976237,0
0.9200572212949357,0.07541834915547124,0.00452442954959315,0
0.5546141487265277,0.44369209721822295,0.0016937540552492965,1
0.017886162020980118,0.05820537765193852,0.9239084603270814,2
0.02582415306805186,0.1891164838070863,0.7850593631248618,2
0.01448567569983539,0.029731235500614947,0.9557830887995497,2
0.03806861041352675,0.4377830768862419,0.5241483127002313,1
0.037523845796893926,0.03880907005673574,0.9236670841463702,2
0.009554411474520305,0.019961365261945783,0.9704842232635339,2
0.03685736044481994,0.0662867928413138,0.8968558467138662,2
0.01868042659763982,0.016460349745004012,0.9648592236573561,2
0.01852515437544781,0.2052622859925117,0.7762125596320405,1
0.9964963894338781,0.0031811621672722893,0.00032244839884967787,0
0.036442031707834034,0.09073349862404194,0.872824469668124,2
0.9820832553902051,0.017680285534178806,0.00023645907561623783,0
0.031241208252408725,0.03502994457168393,0.9337288471759073,2
0.9707858941326754,0.01369453631329833,0.01551956955402635,0
0.9894960357989246,0.007517908930101245,0.002986055270974117,0
0.0020968573426453393,0.00924742553299978,0.9886557171243548,2
0.0066456421641783,0.03944103035116368,0.9539133274846581,2
0.012153947963019563,0.0351932498280436,0.9526528022089369,2
0.189503429903041,0.09236973926631305,0.718126830830646,2
0.8916210696115467,0.010665217209055555,0.09771371317939771,0
0.7716291869145283,0.12431899319966086,0.10405181988581073,0
0.9939007512448791,0.00552803523749051,0.0005712135176303423,0
0.9906551261494535,0.0089819147393249,0.00036295911122164446,0
0.9850574482837883,0.007449797759453853,0.007492753956757849,0
0.020038202428048477,0.030404469332707643,0.9495573282392439,1
0.07803975173274794,0.7435259333381286,0.17843431492912348,1
0.9433155751724884,0.04642331397052392,0.010261110856987572,0
0.018492702012830927,0.026725022719573815,0.9547822752675952,1
0.9373701927921617,0.05516457128625697,0.007465235921581084,0
0.2688775188176864,0.7001787530382848,0.030943728144028765,1
0.07417795288404974,0.535281637085171,0.3905404100307793,1
0.31880557124245645,0.5162946218793293,0.16489980687821415,1
0.011985138326114112,0.02439304837625935,0.9636218132976265,2
0.023047341746955923,0.4158098256136038,0.5611428326394402,1
0.016202366863666436,0.08980499257691806,0.8939926405594155,2
0.02934521977126573,0.06915687410102121,0.9014979061277131,2
0.010942096774402433,0.01387714283093974,0.9751807603946578,2
0.010841799337236252,0.039840193417024626,0.9493180072457391,2
0.004820170840048041,0.004507110368805168,0.9906727187911468,2
0.8669631814760318,0.04540139848858217,0.08763542003538595,0
0.9982575020962284,0.0015270529399365055,0.00021544496383514087,0
0.009022796505440868,0.009882833765647058,0.9810943697289121,2
0.9882686984826455,0.007722872504913072,0.004008429012441422,0
0.9771101390096664,0.021518631884335556,0.0013712291059979603,0
0.01811493858237894,0.12150961034340335,0.8603754510742176,2
0.9333770493070193,0.06387271882385925,0.002750231869121392,0
0.9459835132253992,0.04172096481732389,0.012295521957276893,0
0.025933468370101565,0.3278882986104339,0.6461782330194645,2
0.23936116105906963,0.6472444253132129,0.11339441362771742,1
0.03906520670398631,0.326083328999052,0.6348514642969618,0
0.9835038171418279,0.013034830598190604,0.003461352259981599,0
0.9766242306859236,0.02233503412422509,0.0010407351898511774,0
0.04158079201107186,0.19899856777507158,0.7594206402138565,1
0.9735109437176653,0.013134025413606391,0.0133550308687283,0
0.04459170417751743,0.04161715182631008,0.9137911439961725,2
0.004854602651005345,0.007230038489023428,0.9879153588599713,2
0.15154097824742532,0.829327579773391,0.019131441979183577,0
0.07079558926376753,0.516293045266368,0.41291136546986434,2
0.040451512387159085,0.4452147283851811,0.5143337592276598,2
0.02138308266635117,0.053714631159703624,0.9249022861739452,2
0.031936233084115834,0.1996665927765693,0.7683971741393149,2
0.11378399623974675,0.11966856528483333,0.7665474384754198,2
0.016403520458072175,0.09477307810344196,0.8888234014384858,2
0.9753879154194658,0.024146563548655228,0.00046552103187918765,0
0.9843457052593817,0.010071850244235453,0.005582444496382765,2
0.07736005969925232,0.6146229310388319,0.3080170092619157,2
0.009000893596233506,0.0033838338790083164,0.9876152725247582,2
0.4498173170547772,0.5388991137179289,0.01128356922729387,0
0.07829939659155734,0.5681070110393691,0.35359359236907373,0
0.9146632014738172,0.07299338348250056,0.012343415043682091,0
0.016115285626955512,0.023620311241857025,0.9602644031311874,2
0.021380784472601097,0.12622561268727106,0.8523936028401279,2
0.041963643372931986,0.232440514474776,0.7255958421522921,2
0.13267728504589532,0.02932622071411016,0.8379964942399944,2
0.05450114424479326,0.4647888895884498,0.48070996616675693,1
0.9972779442410963,0.0019547143770224694,0.000767341381881198,0
0.023029052481112044,0.020422538470605617,0.9565484090482823,2
0.017647465719660988,0.025302655817958746,0.9570498784623802,2
0.01846969439627919,0.022159764121706282,0.9593705414820145,2
0.6104707604533849,0.369139579759989,0.02038965978662607,1
0.19311437457784944,0.7021985734949774,0.10468705192717317,1
0.01817311559066305,0.06971944966904395,0.912107434740293,2
0.013217603714130981,0.20798591150051898,0.77879648478535,2
0.05623629154961129,0.4545721298044084,0.48919157864598034,2
0.03650031615721104,0.32692942860588997,0.636570255236899,2
0.02710188027175023,0.20870898798855309,0.7641891317396966,2
0.9952468351125228,0.004521437506666017,0.00023172738081130972,0
0.011912242197712855,0.008389422731888226,0.9796983350703989,2
0.009988342329101842,0.9863801183070106,0.0036315393638876614,1
0.00675315409167574,0.044843363017527386,0.948403482890797,1
0.03508655139287721,0.218638521604371,0.7462749270027518,2
0.08025615590469892,0.6560430999923991,0.26370074410290206,1
0.028645555464745648,0.24508257492711885,0.7262718696081355,1
0.0773011818355656,0.03352676174634299,0.8891720564180914,2
0.02635689837586482,0.054991004198305826,0.9186520974258294,2
0.9611577763270165,0.034614365485150775,0.0042278581878328015,0
0.008721647799598917,0.003271074484359678,0.9880072777160415,2
0.023300532299931388,0.012049438789074532,0.964650028910994,2
0.9336812242061334,0.061611119598426974,0.004707656195439567,0
0.010952598427171677,0.028989309062767577,0.9600580925100607,2
0.013259447812921522,0.02318505973849665,0.9635554924485817,2
0.9901563981179313,0.006628537570789576,0.003215064311279204,0
0.03478572764673252,0.10875308273165622,0.8564611896216113,2
0.02624280297736898,0.02946636307061471,0.9442908339520164,2
0.014472003416485515,0.02410741000877665,0.9614205865747377,2
0.005357309351119618,0.16536881191570316,0.8292738787331771,2
0.018941721670193725,0.20398894908978588,0.7770693292400204,2
0.9006311616652327,0.08807483900686988,0.011293999327897371,1
0.9620849389596321,0.036294190105900744,0.0016208709344671373,0
0.007074262727472546,0.007591873564989223,0.9853338637075384,2
0.009406556543981993,0.016007852033844236,0.9745855914221738,2
0.9968463696174537,0.002708680991499588,0.00044494939104688724,0
0.9729057635570075,0.024889790716546605,0.002204445726445816,0
0.3322055054320096,0.6496187735850334,0.018175720982957087,1
0.14254697664366694,0.6258130407959248,0.23163998256040838,1
0.04415049110657849,0.1127612288542281,0.8430882800391934,2
0.0205022719875803,0.006031115441244817,0.973466612571175,2
0.4299649432597336,0.16493350145027275,0.40510155528999364,2
0.28268265601733383,0.637353087659623,0.07996425632304319,1
0.022843998433178532,0.3204809077543505,0.656675093812471,2
0.03812413927383416,0.22008467281081118,0.7417911879153546,1
0.13287107483728983,0.6407668042068357,0.22636212095587432,0
0.13716917369620404,0.8067333748876148,0.056097451416181214,1
0.9942816547824582,0.004324327726984066,0.0013940174905575648,0
0.024999109959057634,0.3244359369699142,0.6505649530710282,2
0.8147518772994764,0.12343478481256669,0.061813337887956975,0
0.9715013217837889,0.021144283041439553,0.00735439517477157,0
0.10304506797768355,0.27899060857118,0.6179643234511364,2
0.992706123596822,0.0046290595241126956,0.002664816879065252,0
0.9976652236345942,0.0017673282351512109,0.0005674481302544987,0
0.9499882696456906,0.017126664022986852,0.03288506633132245,0
0.009450358027518813,0.01840272850854228,0.9721469134639389,2
0.28154273254030887,0.6601599056241962,0.05829736183549492,1
0.9987589304050688,0.0009402568675011247,0.0003008127274300684,0
0.0076102764725606105,0.005668866778995305,0.9867208567484441,2
0.00954930266347827,0.014831276870400742,0.975619420466121,2
0.119088639345935,0.8176173572257612,0.0632940034283038,1
0.026308027928825053,0.05810491222795121,0.9155870598432236,2
0.03121689685511087,0.034152531739451424,0.9346305714054377,2
0.0914790733125588,0.11068560761133144,0.7978353190761097,2
0.9967355326246823,0.002892035272264821,0.0003724321030530039,0
0.04679687190529797,0.13190343865946788,0.8212996894352342,2
0.051560351173955674,0.011594634820203193,0.9368450140058412,2
0.14980053091073345,0.5237110973670243,0.3264883717222423,1
0.019201333615453287,0.0038775921615356837,0.9769210742230111,2
0.016258356990424532,0.15139338679052142,0.8323482562190541,1
0.006297798651247166,0.02244384431816355,0.9712583570305892,2
0.009005256963219199,0.01304034890821916,0.9779543941285617,2
0.004179131058441006,0.001063620577639095,0.9947572483639199,2
0.07030825167805303,0.09442542702460544,0.8352663212973416,2
0.5059626031668664,0.4299468328832579,0.06409056394987583,0
0.9553058961892932,0.040200445815594905,0.004493657995111907,0
0.01817317707468323,0.022546106580696477,0.9592807163446204,2
0.47914827469568166,0.04613423730105605,0.4747174880032623,0
0.15564263020786817,0.3117875975572592,0.5325697722348726,2
0.054804030879733,0.2256413405446321,0.7195546285756348,2
0.5701933422855849,0.04764788760255328,0.38215877011186183,2
0.015747126573617657,0.009030873575836092,0.9752219998505463,2
0.9437060420667969,0.055301832794692383,0.0009921251385107902,0
0.9426619874906831,0.05342587745974675,0.003912135049570124,0
0.009026949887028055,0.020585125788080468,0.9703879243248914,2
0.3980384130526628,0.587356658517116,0.014604928430221199,1
0.903882444778197,0.09308002164722674,0.003037533574576245,0
0.1094062118066683,0.7868798569353784,0.10371393125795325,1
0.028932202964234502,0.026070728258305056,0.9449970687774605,2
0.01359335182543,0.11583197902940351,0.8705746691451665,2
0.03894339612182223,0.06424205218452685,0.896814551693651,2
0.13315711702047028,0.6037776863827973,0.2630651965967325,2
0.9721556926950506,0.027044472902102185,0.0007998344028472493,0
0.1167185953492412,0.5269330668805395,0.3563483377702192,2
0.047492992918005496,0.5116539031158377,0.44085310396615685,2
0.8675882647927765,0.13104871804378293,0.001363017163440414,0
0.0852312596343858,0.9126043918424342,0.002164348523180016,1
0.9855195050416004,0.013909622590793327,0.0005708723676061921,0
0.14382591496547756,0.8117529881425388,0.044421096891983695,1
0.01179692217816735,0.018678668327446878,0.9695244094943858,2
0.9812527369448553,0.009489668537393347,0.00925759451775151,0
0.05935184279421683,0.1665704701211921,0.7740776870845911,2
0.15378485307704878,0.6265106559981081,0.21970449092484315,1
0.22733768776666324,0.40401756738145106,0.36864474485188575,2
0.050700041699990935,0.7148964065327924,0.23440355176721658,1
0.8822660620937104,0.06427128726160382,0.053462650644685715,0
0.16597106166176723,0.49387789264722876,0.3401510456910041,1
0.13367130258880006,0.22109266466710353,0.6452360327440964,2
0.2653078773595911,0.720890746848217,0.013801375792191926,1
0.3518739918280224,0.3047230045598407,0.3434030036121368,0
0.22446438371408195,0.739384170016797,0.036151446269121125,0
0.9867324169955227,0.01228339338706712,0.0009841896174103246,0
0.028997557598953453,0.048707976539356455,0.9222944658616901,2
0.20814688730475897,0.7525220186547422,0.039331094040498824,1
0.98570609926249,0.004188266350206132,0.010105634387304038,0
0.019172977924124947,0.05772019698347095,0.9231068250924042,2
0.6353380322637471,0.3529578473503009,0.011704120385952088,0
0.9947302658771602,0.0033480245412753503,0.001921709581564428,0
0.02601885170831385,0.048526467199165584,0.9254546810925205,2
0.02771687182771718,0.1430545285694834,0.8292285996027995,2
0.1592170774037867,0.799335706415942,0.041447216180271425,0
0.017780621770847466,0.9694150803867259,0.01280429784242648,1
0.012204856647871125,0.03815002779937708,0.9496451155527519,2
0.3844375308666923,0.3353022814897169,0.2802601876435908,1
0.03660364263482874,0.015393748522647974,0.9480026088425233,2
0.042955027376260425,0.03031296628991995,0.9267320063338197,2
0.007544740043302608,0.00820695210230864,0.9842483078543887,2
0.6612632187640888,0.2100504972126057,0.1286862840233055,0
0.039453129998936236,0.07313322643819362,0.8874136435628702,2
0.007582978272531731,0.22929505421181115,0.7631219675156571,1
0.25876839364474286,0.6860340352371358,0.05519757111812136,1
0.02387387654590925,0.24153113440412644,0.7345949890499643,2
0.980070884998705,0.018857105823291365,0.0010720091780037813,0
0.005132916700782796,0.010668443302622465,0.9841986399965947,2
0.05133619550788685,0.08608552762931383,0.8625782768627994,2
0.013807222797421257,0.018925647682704595,0.967267129519874,2
0.06313064501687946,0.09829052837168208,0.8385788266114383,1
0.28874161553410604,0.5738427546075344,0.1374156298583595,2
0.9681268253781983,0.030651394332019934,0.0012217802897816117,0
0.012946333634070962,0.0035321956714819357,0.9835214706944472,2
0.988203458215418,0.008108199560150981,0.003688342224431165,0
0.1656410777815464,0.8039872092997695,0.030371712918684166,0
0.00771703619856049,0.023678516473016064,0.9686044473284234,2
0.024121283420221264,0.059980437456905185,0.9158982791228736,2
0.020933705838934412,0.0653455446715462,0.9137207494895195,2
0.8818139469050513,0.11564319076303345,0.002542862331915081,0
0.9876389918362649,0.01128930145558363,0.0010717067081512522,0
0.05647479694933389,0.16996704344164107,0.7735581596090251,2
0.9256977404256017,0.020398735959961327,0.053903523614436816,0
0.01841989253335056,0.021587308677418163,0.9599927987892313,2
0.04473122986224187,0.2667749259035786,0.6884938442341796,0
0.978028972323311,0.01668589266309658,0.00528513501359234,0
0.9432510022630731,0.05403655349466506,0.002712444242261769,0
0.08033116556054548,0.2521594716413016,0.667509362798153,2
0.00415731492353569,0.020727786215573352,0.975114898860891,2
0.04287074341930592,0.8975225807011169,0.059606675879577305,1
0.04901447774930139,0.012989664275600712,0.9379958579750979,2
0.9771288196122668,0.020924747085080995,0.001946433302652171,1
0.0030039138617794178,0.004182507066208959,0.9928135790720116,2
0.03627210595685679,0.038179099210365414,0.9255487948327779,2
0.9808711928942309,0.011877774676905296,0.007251032428863843,0
0.05149496334659263,0.05176198452766096,0.8967430521257465,2
0.034567195788900454,0.02950005790733216,0.9359327463037674,2
0.597866733581821,0.397973455153537,0.004159811264642122,1
0.652230350146286,0.20825447686022663,0.13951517299348748,1
0.012817760176627222,0.009916422394897177,0.9772658174284756,2
0.6572898132192622,0.33957615357161763,0.0031340332091202025,1
0.005252303652814131,0.009562105345402817,0.985185591001783,2
0.011373886940634431,0.05254247267845373,0.9360836403809119,2
0.09878856688001737,0.8894164384501324,0.011794994669850154,1
0.15506990716588465,0.8348343357854624,0.010095757048652794,1
0.04548598534816723,0.05313870069031598,0.9013753139615167,2
0.6541907000945565,0.22826134793950698,0.11754795196593648,2
0.9942653212386792,0.0055523566879006414,0.00018232207342011385,0
0.04441735982599618,0.04347147155943136,0.9121111686145725,0
0.34208329751065875,0.6527010633995494,0.005215639089791963,0
0.022003048221192072,0.06371536866765068,0.9142815831111571,2
0.18671943424029383,0.7504202241775366,0.06286034158216955,1
0.9919268675558018,0.007574537980173548,0.0004985944640244453,0
0.00880705701499954,0.02430278379048344,0.966890159194517,2
0.017308023291595587,0.025161130481704534,0.9575308462266998,2
0.6313194813987899,0.3093621363835552,0.059318382217654904,0
0.0061291597395222155,0.02358616593665508,0.9702846743238227,2
0.331855050971888,0.5184018027663976,0.14974314626171442,2
0.9976581480457553,0.001381284620069261,0.0009605673341754114,0
0.49400205779604817,0.4870406868699357,0.018957255334016227,0
0.823680927975165,0.12092071857838632,0.0553983534464487,2
0.015944298431637367,0.10143017624266049,0.8826255253257022,2
0.605863168070797,0.38373170060185596,0.01040513132734714,0
0.10771531492535977,0.6714383344688618,0.2208463506057784,1
0.14579708125965912,0.49670334768344765,0.3574995710568934,1
0.053943859050959955,0.5955872430870216,0.3504688978620184,2
0.02791584772847611,0.026600404325633133,0.9454837479458907,2
0.9823115694453299,0.017343202756105396,0.0003452277985645983,0
0.8876696046366972,0.0678370526344608,0.04449334272884198,0
0.014268219807983117,0.08923822104306987,0.896493559148947,2
0.08304801579956225,0.4728784087716703,0.4440735754287674,1
0.962186269347806,0.03196479315162168,0.0058489375005721725,0
0.06942665821388574,0.723787377289454,0.20678596449666037,1
0.03341007042015699,0.0429262422294263,0.9236636873504167,2
0.46353236758082633,0.5228564318870144,0.013611200532159341,1
0.32332765482176684,0.638107621806406,0.038564723371827196,1
0.005742141706801735,0.010486443414998468,0.9837714148781997,2
0.004953736850948294,0.014750513680980121,0.9802957494680716,2
0.2541485368958126,0.7138621637125063,0.03198929939168101,0
0.010208225858895503,0.03442576887225112,0.9553660052688534,2
0.007041972123496003,0.012099094852361257,0.9808589330241426,2
0.011179808834075074,0.009274837572104443,0.9795453535938204,2
0.005089996697310509,0.11639980378891772,0.8785101995137717,2
0.0132387920918528,0.007788881413792563,0.9789723264943547,2
0.9984794300739452,0.0007537804065571239,0.0007667895194977286,0
0.06685520933415509,0.05088694138920773,0.8822578492766372,1
0.010850867753143987,0.021082500092091994,0.9680666321547641,2
0.026747058848945716,0.03570799508836961,0.9375449460626847,2
0.015733392023422846,0.09188692697267084,0.8923796810039064,2
0.9975798763578687,0.0014470821923872224,0.0009730414497442743,0
0.02551671821277768,0.14267394537897718,0.8318093364082451,2
0.9923056918941499,0.004239664602343148,0.0034546435035070077,0
0.9990957017505627,0.00020265888706968473,0.0007016393623675821,0
0.8656723409684757,0.031564902869822636,0.10276275616170151,0
0.07561229232654211,0.140848750155497,0.783538957517961,0
0.022218168363986008,0.031970501113187465,0.9458113305228266,2
0.7722863659872179,0.17963748654276782,0.048076147470014215,0
0.9986653577309051,0.0004179692308014182,0.0009166730382933452,0
0.023559202038251945,0.15489782501332477,0.8215429729484233,2
0.9922770794821741,0.00751066802751258,0.0002122524903133,0
0.006582600714773705,0.008235951251911983,0.9851814480333143,2
0.9722824651342201,0.018314449725120932,0.009403085140658945,0
0.10073459088612995,0.5992673694998607,0.29999803961400945,1
0.02112797325123798,0.031171034606452357,0.9477009921423096,2
0.9945080688062352,0.0045931575074838905,0.0008987736862808853,0
0.9924152457222061,0.004822538406504919,0.0027622158712889396,0
0.9223326897227495,0.07643475393663672,0.0012325563406138818,0
0.031573785584740666,0.15141835792861807,0.8170078564866413,2
0.03859638970051319,0.6630365909321924,0.2983670193672945,1
0.025259069157108707,0.02880857350805779,0.9459323573348334,2
0.9361075532254776,0.020347583560893598,0.04354486321362893,0
0.16596995755055938,0.14799444604012849,0.686035596409312,1
0.1924736266178461,0.6428325111960379,0.1646938621861159,1
0.031866606776329694,0.22973355478664179,0.7383998384370286,2
0.05478507070939375,0.49845178809589025,0.44676314119471605,2
0.01617646755705948,0.060859887289810365,0.9229636451531301,2
0.04143658375739748,0.021731810695227192,0.9368316055473752,2
0.11222811111924239,0.28728029192359655,0.600491596957161,1
0.1475727540531117,0.5436766199298261,0.30875062601706227,0
0.006299769734111951,0.004105968786200175,0.9895942614796878,2
0.9425707008746538,0.04989290583803267,0.007536393287313635,0
0.003843992631501194,0.01908613930879573,0.977069868059703,2
0.035516240808508286,0.2150622034724579,0.7494215557190338,1
0.03737047670228444,0.09332390492332407,0.8693056183743915,2
0.04308742139610881,0.3159551822445189,0.6409573963593723,2
0.7575662950753254,0.06859107374651842,0.17384263117815632,0
0.012175588998777465,0.0978199436379847,0.8900044673632379,2
0.9008281988985993,0.05345139339692574,0.045720407704475,0
0.9231345650003895,0.07190039148813887,0.004965043511471611,0
0.02680230039111321,0.1661304244558761,0.8070672751530107,2
0.018079144979355536,0.06061476609483047,0.921306088925814,2
0.007555745368910726,0.09316074119708403,0.8992835134340051,2
0.8630030880607853,0.13299834286053433,0.003998569078680424,0
0.020868089198812598,0.02369207040222089,0.9554398403989666,2
0.9872170127387482,0.004350196202255894,0.008432791058995899,0
0.18658968561719827,0.4277593259526209,0.3856509884301808,2
0.02202015614813104,0.2499276544915324,0.7280521893603366,2
0.992444699482405,0.00668464925221351,0.0008706512653815007,0
0.1590967590810331,0.5503796670704237,0.29052357384854316,0
0.25315696602788584,0.7408532760001654,0.005989757971948885,1
0.9941306609145477,0.004512211773362933,0.0013571273120893336,0
0.0027244119757326847,0.0063543180093139405,0.9909212700149533,2
0.012306055772589216,0.041208735792728685,0.9464852084346821,2
0.024666656144977348,0.04511461186783633,0.9302187319871863,2
0.055262592917762095,0.2673441162389489,0.677393290843289,2
0.02094800123691424,0.016460210975927383,0.9625917877871583,2
0.009271205411833336,0.0794305808375394,0.9112982137506273,2
0.04381331970280675,0.30066608436786796,0.6555205959293252,2
0.1101814783813737,0.3135062368162343,0.576312284802392,2
0.9960512861459837,0.003608362039478544,0.00034035181453776365,0
0.006881583156629013,0.008551165206085959,0.984567251637285,2
0.19172918798470698,0.16529571656743255,0.6429750954478605,1
0.8843503492367016,0.023501112326596497,0.09214853843670173,2
0.3541338215710328,0.22438217171530095,0.4214840067136662,1
0.9946004102660015,0.004935703866400692,0.00046388586759784706,0
0.26232740991142306,0.7038140536982326,0.03385853639034428,1
0.03215417606282591,0.1319895651686523,0.8358562587685217,1
0.27948838639881446,0.6395030134018274,0.08100860019935814,1
0.451721854100336,0.5400860140611224,0.008192131838541606,0
0.24848202024104693,0.7353144372410005,0.016203542517952488,1
0.994758368070313,0.00495007620666325,0.0002915557230237392,0
0.09172596282317763,0.12035515917940556,0.7879188779974169,2
0.03369909977951289,0.023513535768545268,0.9427873644519419,2
0.15221761712514842,0.8192883701753426,0.028494012699508988,1
0.012364157120631141,0.1608277443924835,0.8268080984868853,2
0.007790127422303168,0.04024084247256284,0.951969030105134,2
0.025469085930401807,0.10258410011463774,0.8719468139549605,2
0.9950995938996474,0.00408726867602284,0.0008131374243296344,0
0.0117974498979374,0.009827117587193056,0.9783754325148695,2
0.10948346911128119,0.6625190296103187,0.22799750127840007,1
0.0049474140840013725,0.011084913108479812,0.9839676728075187,2
0.07143723611786712,0.10450877092959819,0.8240539929525347,2
0.02326922512224273,0.13095966660682262,0.8457711082709347,2
0.08449615999254359,0.534008340993864,0.38149549901359253,1
0.030988879262461015,0.07781214485061516,0.8911989758869238,2
0.4084458486341181,0.5392444662842449,0.052309685081636983,0
0.006190590612692871,0.0360360884110129,0.9577733209762943,2
0.33996317148475735,0.48842671471672494,0.17161011379851765,1
0.11678267642867934,0.6090166918923758,0.2742006316789449,2
0.016278588397644535,0.011005109305120999,0.9727163022972345,2
0.9749850098925245,0.022046727481183952,0.002968262626291559,0
0.681615145591618,0.31615755489497616,0.0022272995134059183,1
0.013223683769735484,0.04319187710631624,0.9435844391239482,2
0.007845441224632377,0.040757007146708095,0.9513975516286595,2
0.9573395681264232,0.040788917096233133,0.001871514777343707,0
0.03642982211253262,0.0546555231702887,0.9089146547171786,2
0.003401598187027722,0.0046891150241932114,0.9919092867887791,2
0.22579770738018004,0.6588900192994758,0.11531227332034426,1
0.9676681632983126,0.02506416503839168,0.007267671663295597,0
0.261592294581967,0.33365300366144457,0.40475470175658845,1
0.18409239398834204,0.22175680108837312,0.5941508049232849,2
0.3921257261389254,0.59913763862837,0.008736635232704676,1
0.07055519053979802,0.7189309681995485,0.21051384126065348,0
0.10767834552516724,0.057349220764763356,0.8349724337100694,2
0.09744137071472546,0.38321267328319547,0.5193459560020791,1
0.9910877347401392,0.00816731137898869,0.0007449538808721088,0
0.2850096978778433,0.7003014813732318,0.01468882074892494,1
0.8654866640950681,0.13381673226511764,0.0006966036398142378,0
0.09251388176782553,0.37959056820934106,0.5278955500228334,2
0.07165164633676815,0.419390615078722,0.5089577385845098,1
0.7560004280008629,0.2398669496390806,0.004132622360056584,0
0.9976875071032211,0.0019178592728030755,0.0003946336239758276,0
0.12105286909390608,0.6436768921528402,0.23527023875325376,1
0.8470999877358624,0.15053284836583947,0.002367163898298186,0
0.8438381854433122,0.08325466147543277,0.0729071530812551,0
0.021201177459896522,0.05745956656829981,0.9213392559718037,1
0.9260074115397343,0.06594215624058153,0.008050432219684147,0
0.09949924265811927,0.4553049201034181,0.44519583723846273,1
0.9961517018211452,0.003725873119827368,0.00012242505902743407,0
0.09502681502573909,0.12834910149950363,0.7766240834747573,2
0.03531532500276419,0.01027801110663998,0.9544066638905958,2
0.4048154728046614,0.3049206930218265,0.29026383417351204,0
0.015023608399554357,0.024860819429687805,0.9601155721707578,2
0.1284785006430366,0.11979042376851202,0.7517310755884514,0
0.043010610441003586,0.04810736719436249,0.9088820223646339,2
0.028831594986335,0.08604291853979688,0.8851254864738681,2
0.00626293064889458,0.0048169856587598646,0.9889200836923456,2
0.0192922400837109,0.008013654087711396,0.9726941058285777,2
0.02179029162154211,0.022355974716293588,0.9558537336621643,2
0.024431815911147237,0.03739700487304546,0.9381711792158073,1
0.0032255745553862666,0.004740877023147454,0.9920335484214662,2
0.16339846729942814,0.2335909733159794,0.6030105593845925,2
0.008332867542808372,0.04618581874923029,0.9454813137079613,2
0.7586527346070389,0.2367836525386463,0.004563612854314962,0
0.12540567937565902,0.5715755313999109,0.30301878922443004,1
0.0277517418265242,0.024440653102414615,0.9478076050710611,2
0.032969044525746935,0.04858958456534563,0.9184413709089074,2
0.014749708483150364,0.013831880727119706,0.9714184107897299,2
0.9989046360103969,0.0008938859255531113,0.0002014780640501301,0
0.9939669941904105,0.004079883469056989,0.0019531223405325861,0
0.03982970277925464,0.378432903468664,0.5817373937520814,1
0.9681110600619555,0.02581333480316331,0.006075605134881072,0
0.008484188224558084,0.0072563079796710865,0.9842595037957709,2
0.04181416721426632,0.05051034562986022,0.9076754871558734,2
0.4994029554266454,0.30712048595966085,0.1934765586136937,2
0.021708592028209805,0.02298017188289522,0.9553112360888949,0
0.06713384450832699,0.12118644385442809,0.8116797116372448,2
0.9619502463652666,0.02948546636753722,0.008564287267196019,0
0.3183747891997684,0.35004496259507967,0.3315802482051518,0
0.05850620763591564,0.26815531870795695,0.6733384736561273,2
0.9216151936855669,0.05269807478507578,0.02568673152935739,0
0.01790302206068598,0.07678747199137718,0.9053095059479368,2
0.011759799876763366,0.004438673079441496,0.9838015270437951,2
0.020129858899330336,0.04451529677937294,0.9353548443212967,2
0.10019251800400221,0.6072669003091267,0.2925405816868711,1
0.9843785534085282,0.014265931075406801,0.0013555155160649634,0
0.9635659557675718,0.030809576131614877,0.00562446810081339,0
0.16620090914827101,0.37120450430998236,0.4625945865417466,1
0.23272701921687955,0.43181385277100454,0.33545912801211597,0
0.8249032713998217,0.07809996125299654,0.09699676734718184,0
0.9782288371142949,0.020100412284875344,0.0016707506008299328,0
0.011426547135985687,0.10932441304599333,0.8792490398180209,2
0.012713911260124304,0.026625038028612786,0.9606610507112628,2
0.011038529313444255,0.05035164225547545,0.9386098284310802,2
0.012733753151319164,0.1069381726155047,0.8803280742331762,2
0.9249542407137465,0.07385738178054439,0.0011883775057091074,0
0.16680923341248924,0.6365382702972573,0.19665249629025344,1
0.08366311836657836,0.4447212134242063,0.4716156682092154,2
0.9971435202215544,0.0025224817245295223,0.00033399805391594057,0
0.01816982129571517,0.023215560981044873,0.9586146177232399,2
0.13625198516365106,0.711105494291439,0.1526425205449099,0
0.010522470792281543,0.03745462657414194,0.9520229026335765,0
0.027825715079095092,0.09967835612755326,0.8724959287933516,1
0.037298167976172664,0.3641116119340163,0.5985902200898111,1
0.9840726781949943,0.014384528895926407,0.001542792909079122,0
0.055310928147970576,0.035994095331864644,0.9086949765201648,2
0.018080696860174928,0.03064148140199422,0.9512778217378308,2
0.013940038240185608,0.0190394817525966,0.9670204800072179,2
0.9935701225525871,0.006056396692187844,0.0003734807552249125,0
0.6791492020770359,0.07722869741567868,0.24362210050728555,1
0.012038197172858133,0.05477532519626392,0.9331864776308779,2
0.059451563359478425,0.583610160610766,0.35693827602975553,2
0.048818629463103544,0.18720745394287774,0.7639739165940187,2
0.990863547745264,0.006836067017524806,0.0023003852372113338,0
0.03952290516025304,0.3775348803751262,0.5829422144646207,1
0.9980394271645775,0.0015260023663325039,0.00043457046908996203,0
0.990758041836926,0.004071593878406763,0.005170364284667175,0
0.009618674920728742,0.14156068974080918,0.8488206353384621,2
0.7055494718247723,0.08783905524737678,0.20661147292785081,0
0.009742809235575441,0.023286426545075272,0.9669707642193492,2
0.9876996983557983,0.009515573198428091,0.00278472844577346,0
0.9891294757622152,0.006621482047826611,0.004249042189958078,0
0.006736512190623842,0.011913394489398429,0.9813500933199777,2
0.07029564135455674,0.5183597940680632,0.4113445645773801,2
0.9682253955700404,0.020141154803687597,0.011633449626271984,0
0.08187937123141026,0.11666310240169017,0.8014575263668996,2
0.00981662662654416,0.01715368785593245,0.9730296855175234,2
0.017866696026271396,0.5561835828267164,0.4259497211470122,2
0.8773749472157987,0.12002968304987101,0.002595369734330306,1
0.015987303384006606,0.017180122046343525,0.9668325745696499,2
0.2133997770237745,0.7824635689129413,0.004136654063284306,0
0.9878750995211735,0.011919244265538713,0.0002056562132878502,0
0.007968340455487983,0.009414342775513741,0.9826173167689983,2
0.15972012377208245,0.8038639659187262,0.036415910309191384,1
0.010420169676637612,0.015097996231121522,0.9744818340922409,2
0.9957264204965102,0.0041994227721070835,7.415673138264149e-05,0
0.027145940692662077,0.05683771933825067,0.9160163399690873,2
0.02007973307761807,0.01793254444753804,0.9619877224748438,2
0.05613313145576284,0.34161484891438654,0.6022520196298506,1
0.45605643524295997,0.4792791801669108,0.06466438459012913,1
0.029383068364957327,0.26280108156152016,0.7078158500735227,2
0.02044887107119459,0.12879339195190864,0.8507577369768968,2
0.9672877595793729,0.03157793219069381,0.0011343082299332943,0
0.9832536872456566,0.016545735980752502,0.00020057677359092222,0
0.9864884108997289,0.006763237418737038,0.006748351681534126,0
0.08370391936963993,0.1364647118479703,0.7798313687823897,2
0.22256848474508473,0.6284087757838536,0.14902273947106173,0
0.8312161426399699,0.16641871125135937,0.002365146108670653,0
0.12987918409132135,0.7261474857579738,0.14397333015070476,1
0.005671910800075331,0.006457851746590179,0.9878702374533345,2
0.02599734745459001,0.05918613095986115,0.9148165215855487,2
0.9330577652673322,0.06267273328145262,0.004269501451215129,0
