pred_Dropout,pred_Enrolled,pred_Graduate,true
0.0176716949526891,0.03615140423275609,0.9461769008145549,2
0.003033577495332846,0.01592302030557746,0.9810434021990898,2
0.0312721093624571,0.10556815113755798,0.8631597394999848,2
0.43819011729971896,0.4796608992780619,0.08214898342221914,1
0.008471976660150529,0.00725852088889432,0.984269502450955,2
0.016330889846553218,0.03078566826781155,0.9528834418856353,2
0.4239066077984345,0.4934589808365476,0.08263441136501777,1
0.9665775406119156,0.03252898140598267,0.0008934779821017476,0
0.36278783380934,0.6051173649609927,0.03209480122966731,1
0.9101404930268171,0.07780230146776064,0.012057205505422199,0
0.06445001338808119,0.047629759575137036,0.8879202270367819,2
0.010435564181090595,0.005572049046481816,0.9839923867724277,2
0.27615708353751595,0.6189511291648487,0.10489178729763542,2
0.04395739738220198,0.4978152330801128,0.45822736953768534,1
0.9713772177778224,0.020788462998269842,0.007834319223907829,0
0.015768633231024766,0.09724548039495778,0.8869858863740174,2
0.9862108933447297,0.01052905309149776,0.0032600535637725505,0
0.38665614830335054,0.5732831655124244,0.04006068618422502,1
0.874793460784395,0.12144878420343,0.0037577550121749444,0
0.9803411803975929,0.009886038529111534,0.009772781073295662,0
0.01217451958096167,0.03579910752981032,0.9520263728892279,2
0.011513872509306883,0.011102448004336374,0.9773836794863568,2
0.11245088085527817,0.7420285101571582,0.14552060898756353,2
0.67473517216279,0.32209359533094417,0.00317123250626579,0
0.01613882136688399,0.08998056151253268,0.8938806171205833,2
0.9803405605526804,0.016190890585558764,0.0034685488617608334,0
0.05703296455333766,0.49074624264819955,0.4522207927984629,2
0.9946824846824768,0.0051285561062098415,0.00018895921131328107,0
0.9911931889811745,0.008602824322611812,0.000203986696213755,0
0.962960372193478,0.0334226717851701,0.0036169560213518983,0
0.9736494967756417,0.022593870026091912,0.0037566331982663457,0
0.9930961422009964,0.0059171387322608585,0.0009867190667427602,0
0.02891252250287227,0.07669537625225975,0.894392101244868,2
0.11397133920554593,0.38680833720823404,0.4992203235862199,1
0.12287562539532862,0.6345874727267096,0.2425369018779617,1
0.9865536288678365,0.00928036735270061,0.004166003779462871,0
0.010802259034383851,0.0083628316497693,0.9808349093158469,2
0.0073376240629588725,0.013593256412638725,0.9790691195244025,2
0.0077113078352618845,0.020700086328192202,0.9715886058365458,2
0.771244618772977,0.1882098084718374,0.04054557275518549,0
0.01337888519136256,0.008836364047872787,0.9777847507607647,2
0.8220251406916487,0.09015987691636072,0.08781498239199069,0
0.9843382267854676,0.015252667780137778,0.0004091054343946639,0
0.14053782591842745,0.2365602945679953,0.6229018795135772,2
0.98174044306313,0.015239496205116958,0.0030200607317532294,0
0.06388672547906372,0.758066807510117,0.17804646701081922,1
0.8546664838276482,0.12359140316904903,0.02174211300330272,0
0.04361731861079595,0.8679250698167911,0.08845761157241291,1
0.07306233601927892,0.1285698411132667,0.7983678228674543,2
0.8458030718263801,0.13265155523856478,0.02154537293505492,0
0.9475402107380394,0.04975765444833868,0.0027021348136217773,0
0.033493495489534,0.053391994978409546,0.9131145095320564,2
0.9718031536673006,0.014705782060863887,0.013491064271835655,0
0.017327016278103364,0.1787159298070576,0.803957053914839,0
0.2125184663955132,0.7588119407560254,0.028669592848461302,1
0.0580365846722212,0.411590382056391,0.5303730332713879,1
0.004920951642057422,0.04328406192044039,0.9517949864375023,2
0.6171833348049148,0.2743000309448669,0.10851663425021818,1
0.01941850106792722,0.021669321222461027,0.9589121777096117,2
0.019471520146649688,0.194094745229757,0.7864337346235933,2
0.01693789519410333,0.008380769624957988,0.9746813351809386,2
0.019287773926334285,0.03737760266846953,0.9433346234051962,2
0.08343424292487542,0.4679139689157996,0.4486517881593251,2
0.005457504065463419,0.01095202958538535,0.9835904663491513,2
0.08474625121947893,0.624706792043842,0.2905469567366789,2
0.997915322282307,0.001247928873988065,0.0008367488437049485,0
0.04753943635077036,0.08186738392293644,0.8705931797262932,2
0.005295321300000087,0.012696555053788073,0.9820081236462119,2
0.6412085900853092,0.3560783820078758,0.002713027906815162,0
0.9993620655265681,0.0002545683235781339,0.0003833661498535911,0
0.04064804730324912,0.022184968857674594,0.9371669838390763,2
0.02838601984076436,0.04948955918042188,0.9221244209788138,2
0.04085349612626403,0.7993464055892884,0.1598000982844476,1
0.030222498287095136,0.03745349789685731,0.9323240038160475,2
0.9997887688147221,7.696590405115938e-05,0.0001342652812267521,0
0.06772923408022394,0.6366226697821562,0.2956480961376199,1
0.008654023465412814,0.010461298959545498,0.9808846775750417,2
0.09794158479772547,0.4727711590632348,0.42928725613903973,2
0.007763943018408539,0.019516845096826795,0.9727192118847646,2
0.005519870923614987,0.016941611923154774,0.9775385171532303,2
0.03562819878275083,0.20084286940058438,0.7635289318166648,2
0.022467588317297345,0.011267533682622895,0.9662648780000797,2
0.07285477089062109,0.2542009467802092,0.6729442823291697,2
0.07897216243227066,0.1623800192741859,0.7586478182935436,2
0.9620083835818247,0.02379267779200703,0.0141989386261684,0
0.32111389696568216,0.6217092766940614,0.05717682634025644,1
0.10933051941716296,0.2922799612737599,0.5983895193090772,2
0.8667672545891484,0.12128788299591753,0.011944862414934055,0
0.045120920779944194,0.0701335126065555,0.8847455666135003,0
0.010357956602384507,0.02556725962878125,0.9640747837688343,2
0.013127739877079932,0.006860979619522887,0.980011280503397,2
0.03451714561032416,0.05828910061629201,0.9071937537733838,2
0.005708486846797419,0.003818717518601039,0.9904727956346014,2
0.28793442309681727,0.6565837469754164,0.055481829927766235,1
0.9992021726850652,0.0004115905782006587,0.0003862367367343793,0
0.8667863750146562,0.04816003374167672,0.08505359124366718,0
0.2898151658470129,0.30253342213756207,0.40765141201542504,2
0.9107101262218475,0.0706332060269687,0.01865666775118367,0
0.020584372644833513,0.17759511232312664,0.8018205150320399,2
0.9873458107186454,0.011173942819381286,0.00148024646197328,0
0.9877484169558642,0.005354898727132541,0.00689668431700332,0
0.8258162287408589,0.1654285294701146,0.008755241789026398,0
0.950416780393892,0.04608004056646604,0.0035031790396418743,0
0.9890541683128544,0.008483657726857939,0.0024621739602877445,0
0.10926442651527639,0.6131613020280839,0.27757427145663965,1
0.9168217776898607,0.0568878364897624,0.02629038582037678,0
0.09628650699559226,0.42542814234699067,0.478285350657417,2
0.9382505647433889,0.01898926049226945,0.042760174764341685,0
0.998103400861801,0.0013588041788256077,0.0005377949593733641,0
0.00799107393847876,0.02745527875695255,0.9645536473045687,2
0.012087603896489852,0.027396072983329287,0.9605163231201809,2
0.039439184384938854,0.02399711431875051,0.9365637012963107,2
0.7463695317335289,0.24644201097458385,0.007188457291887289,0
0.03789037050877369,0.04076950525299251,0.9213401242382339,2
0.020301663426531728,0.06971156847201308,0.9099867681014552,2
0.6813496888339636,0.3149073631798741,0.003742947986162169,0
0.13799522337305187,0.6142703731557875,0.24773440347116077,1
0.08184089691413442,0.11958568432749758,0.7985734187583681,1
0.06431168259604028,0.17544107709138623,0.7602472403125734,2
0.08363915160616361,0.8318385590172157,0.08452228937662076,1
0.02669528425400084,0.1866798376473701,0.7866248780986291,1
0.9946618294345259,0.005058542993039962,0.00027962757243423327,0
0.035042111965527256,0.1795583704133851,0.7853995176210876,2
0.9698142311206855,0.02689272684437136,0.003293042034942924,0
0.19548313669336306,0.6936978287275428,0.11081903457909409,1
0.00508030758024232,0.023755956416059907,0.9711637360036978,2
0.032836035195163926,0.03674719206065157,0.9304167727441844,2
0.021575452462395176,0.04267822545546314,0.9357463220821417,2
0.07958587228435603,0.07285334889564772,0.8475607788199964,1
0.06619262796595486,0.10071719754421433,0.8330901744898308,1
0.14014524777506698,0.5558566593369825,0.3039980928879505,1
0.06531534285430003,0.12063256358556945,0.8140520935601304,2
0.7314377122737843,0.26314816240900973,0.005414125317206108,0
0.011394181316356682,0.017932515505336002,0.9706733031783074,2
0.46814602629337887,0.032556305682017,0.49929766802460407,2
0.014531811518216652,0.027715301174820555,0.9577528873069628,2
0.005635299454177313,0.029934042955055074,0.9644306575907676,2
0.5024321821025352,0.4894124360241308,0.008155381873333988,0
0.0171657981445092,0.025158827540821268,0.9576753743146695,1
0.2984608234523782,0.669390502733079,0.03214867381454279,1
0.017748736600189677,0.03514205131523299,0.9471092120845773,2
0.1004849680755007,0.8735259171843287,0.02598911474017061,1
0.022709146087011342,0.07478486092677401,0.9025059929862146,2
0.022108989954322027,0.2988282377063012,0.6790627723393767,2
0.006875876520626384,0.022211628739340555,0.970912494740033,2
0.01634275830652211,0.07544746272192711,0.9082097789715508,2
0.9934223477577635,0.006113417001535926,0.0004642352407004395,0
0.9949088244842708,0.004720512875134347,0.0003706626405948492,0
0.015366712464608955,0.23707189473334692,0.7475613928020441,2
0.9790775266462349,0.014706326045615878,0.0062161473081492735,0
0.013050160882189297,0.02698863652312096,0.9599612025946899,2
0.8560168478669387,0.13445643758453787,0.009526714548523595,0
0.9579667818900542,0.038403830284999045,0.0036293878249466192,0
0.041333018165611524,0.7685240641901869,0.19014291764420158,1
0.010928158895965613,0.023622848580586914,0.9654489925234475,2
0.07893145648481996,0.05904748729574317,0.862021056219437,2
0.01704857469718887,0.09782439535890448,0.8851270299439066,2
0.8475366664766643,0.1456669333745971,0.006796400148738724,0
0.19034839908836565,0.13724579192321418,0.6724058089884202,1
0.08313052393389404,0.1662396434406082,0.7506298326254978,2
0.00970911743134819,0.0881312323244197,0.9021596502442322,2
0.9727042567315974,0.020491223954894947,0.0068045193135075075,0
0.15667031873873288,0.6609065667705504,0.18242311449071674,1
0.003543356695698114,0.006015000401500249,0.9904416429028018,2
0.04266221568984925,0.12535866696458944,0.8319791173455614,2
0.01547104049586891,0.02534254144632142,0.9591864180578096,2
0.5294355045965619,0.4630180883897167,0.0075464070137214794,0
0.2546840235440529,0.5566142489444819,0.18870172751146527,1
0.015315329767642431,0.2031452160299806,0.7815394542023769,2
0.010457008952357114,0.10408435242039502,0.8854586386272477,2
0.4006924838817623,0.5964708940186592,0.0028366220995785555,0
0.21467016450982632,0.6846601829709389,0.10066965251923474,1
0.017452320200477347,0.10912567215059851,0.8734220076489242,2
0.013192218332455439,0.02085763983792537,0.9659501418296192,2
0.019329364531559413,0.05566797481889696,0.9250026606495435,2
0.004787927794614239,0.009307563326640777,0.985904508878745,2
0.05925439653286516,0.13966669774247525,0.8010789057246597,2
0.3600654028020989,0.3946328275571983,0.2453017696407028,1
0.3913675785886934,0.5369037364888947,0.0717286849224119,0
0.9797622374213365,0.019272531590835446,0.0009652309878279224,0
0.008323873697602652,0.01693667554875323,0.9747394507536441,2
0.997965544915001,0.0009433636918783938,0.0010910913931207078,0
0.07858427497808604,0.05458545081460768,0.8668302742073063,2
0.9260850022505678,0.07070971895733628,0.003205278792095847,0
0.015581030316680665,0.03932004297588007,0.9450989267074393,2
0.012099006578294396,0.007918442048029559,0.9799825513736761,0
0.00860534966964951,0.03730056351937306,0.9540940868109774,2
0.9180194370722365,0.06494851798831831,0.017032044939445032,0
0.9928288840595715,0.0049036807979847856,0.002267435142443669,0
0.9584144514772381,0.036983398294565616,0.004602150228196169,0
0.7822888582252805,0.08512526130533145,0.13258588046938818,0
0.2842838590994462,0.39935113001730427,0.3163650108832496,2
0.040342588695512126,0.07730523071402888,0.8823521805904591,2
0.04410489720930668,0.20972359988499784,0.7461715029056956,1
0.015415646253876803,0.12411933947985214,0.8604650142662711,2
0.3274091195662809,0.5877272734374493,0.08486360699626966,1
0.005539030361649713,0.0994370321683105,0.8950239374700397,1
0.33487831372865406,0.484437028421601,0.18068465784974497,1
0.14183766945696757,0.3800246151083281,0.4781377154347044,0
0.012176354034002426,0.0935765622460439,0.8942470837199537,2
0.09115660311240724,0.7563741989245844,0.15246919796300837,2
0.9339030936248385,0.05900110601772397,0.007095800357437547,0
0.10514322330563314,0.13083202212152503,0.7640247545728418,2
0.9920946721257538,0.007105700800720727,0.0007996270735256225,0
0.11273135154595738,0.8706739893878499,0.016594659066192594,2
0.007800070534173479,0.030453257371120954,0.9617466720947055,2
0.7729263888204453,0.2266278431624549,0.00044576801709983937,0
0.061437465637242616,0.015410749520246483,0.9231517848425109,2
0.017233066217841733,0.016592814515731795,0.9661741192664266,2
0.2948898186964199,0.029918694533896294,0.6751914867696838,2
0.8957472942041311,0.04988402462577395,0.05436868117009468,0
0.37736052710877027,0.21561263449510085,0.4070268383961288,1
0.97817846944836,0.02112884464176303,0.0006926859098770487,0
0.8780578568059282,0.11745903562645392,0.0044831075676178694,0
0.034585180754289666,0.08779845384947524,0.8776163653962351,2
0.06663747776680642,0.5247659495790387,0.40859657265415483,1
0.9846609898264063,0.008540554124645276,0.006798456048948474,0
0.937623419211967,0.057835542794608154,0.004541037993424848,0
0.8583146786535549,0.13696403789674658,0.0047212834496983,0
0.01588391541438941,0.022739254865489472,0.9613768297201212,2
0.9960180436318962,0.0035781225162643876,0.0004038338518395413,0
0.9415704378305675,0.057478550108592784,0.0009510120608398375,0
0.9940208892467177,0.0057708057124969845,0.00020830504078537653,0
0.014116071801139437,0.10221610668864028,0.8836678215102204,2
0.0205369905577993,0.13274561589015396,0.8467173935520467,2
0.058014682938074644,0.14043569071924086,0.8015496263426846,0
0.006702691397089888,0.03545629448811473,0.9578410141147954,2
0.008701692547499964,0.035113264260093154,0.9561850431924069,2
0.0445460216224562,0.1492776483001782,0.8061763300773656,2
0.9672630099585722,0.03161547534176885,0.001121514699658929,0
0.85334587936015,0.09573118009069416,0.050922940549155714,0
0.06439922647749115,0.48014530525383714,0.45545546826867167,0
0.9986664946815018,0.001251294920547785,8.221039795025507e-05,0
0.04205746187170551,0.6917620461032015,0.266180492025093,1
0.00820517514133049,0.026911410698997097,0.9648834141596724,2
0.014878060189454444,0.12380994771770101,0.8613119920928445,2
0.10021429596046821,0.14869697994802145,0.7510887240915104,2
0.9933873782540084,0.004134541120194829,0.0024780806257967535,0
0.012623140789970596,0.07992976431453398,0.9074470948954955,2
0.041993698155688555,0.2222267381977794,0.7357795636465321,2
0.7417035737797301,0.24306740496246942,0.015229021257800412,0
0.014644950321401656,0.02882068627208355,0.9565343634065148,2
0.011210670654392569,0.07207253832869794,0.9167167910169095,2
0.04461106106485115,0.05609495948934538,0.8992939794458035,2
0.06715383303079281,0.2048024848918977,0.7280436820773095,1
0.07443959688872422,0.49175559172295885,0.4338048113883168,1
0.9356913901936449,0.06356726500028531,0.0007413448060696737,0
0.17585823697637418,0.6509432819402381,0.17319848108338778,1
0.15284600875351606,0.4871794360334796,0.35997455521300437,1
0.9874284443251907,0.01204246725272452,0.0005290884220846602,0
0.023678797654072787,0.038404595792731,0.9379166065531961,2
0.03959948996879916,0.18354290425358372,0.7768576057776172,2
0.9976896962588769,0.001968984518131031,0.0003413192229920729,0
0.9843653397123464,0.008166705571175274,0.007467954716478291,0
0.007484791533709617,0.03616291672289122,0.9563522917433991,2
0.012477243211253387,0.034484058981606024,0.9530386978071405,2
0.057910308254319275,0.35610020896932837,0.5859894827763523,2
0.01466364857646124,0.02235647058512185,0.9629798808384169,2
0.43433864619068197,0.5549288521470425,0.010732501662275596,0
0.01047725582900106,0.02507708847585366,0.9644456556951452,2
0.998629496796176,0.0010629384184541808,0.0003075647853699917,0
0.9965786537133082,0.002958171401204576,0.0004631748854871254,0
0.3376418304057953,0.6589084251014706,0.0034497444927340244,1
0.8356564537280583,0.09654553388195838,0.06779801238998323,0
0.004186959161229651,0.003981572631372706,0.9918314682073978,2
0.9877926642523572,0.010992715870386686,0.001214619877255925,0
0.030156056341461332,0.04949039838900263,0.920353545269536,2
0.1227613358213341,0.3291613472645137,0.5480773169141522,1
0.9934356050447599,0.006309900333773616,0.0002544946214666445,0
0.015228232999993114,0.11231299614193287,0.8724587708580739,2
0.7927406840775779,0.08662177730583184,0.12063753861659023,0
0.9725427018413562,0.02586241787347038,0.0015948802851734388,0
0.47909696356219406,0.5174764149541022,0.003426621483703686,0
0.9446649807482131,0.0514109028125001,0.003924116439286774,0
0.2229113928345019,0.6674327685021607,0.10965583866333746,2
0.02981759766572487,0.055872566190822454,0.9143098361434526,2
0.9826857567890981,0.011558033750428878,0.005756209460473013,0
0.002347038189145877,0.005222274715057146,0.992430687095797,2
0.010385092964278798,0.02265955356268676,0.9669553534730345,2
0.9550258436032313,0.03675264972480231,0.00822150667196646,0
0.9893351861576202,0.009671726641646264,0.0009930872007334669,0
0.2206709046719427,0.7336969193591274,0.04563217596892992,0
0.20461611706841115,0.5882517253797996,0.20713215755178926,2
0.8608987845742607,0.13846988500224186,0.0006313304234973902,0
0.35348430900178646,0.6130890545199447,0.033426636478268844,1
0.015516229931056107,0.033783397125425114,0.9507003729435188,2
0.9331512608433348,0.06432898556368685,0.0025197535929782976,0
0.9739831051865782,0.014150742760604441,0.011866152052817422,0
0.830005534105121,0.16397784875199303,0.006016617142885906,0
0.022271611664143254,0.3533501800225324,0.6243782083133244,2
0.05382434409284355,0.03973324764410365,0.9064424082630528,2
0.04674089848789666,0.050029405710412665,0.9032296958016907,2
0.01990222725724982,0.1317320269283788,0.8483657458143714,2
0.503967075509662,0.49146740034080194,0.004565524149535989,1
0.9187908399342587,0.07305684784833039,0.008152312217410751,0
0.09939521150421914,0.7101309593994384,0.1904738290963424,0
0.023363405112227627,0.059864129080092,0.9167724658076803,2
0.1796125973806743,0.6490972795526234,0.1712901230667022,2
0.9948653943649104,0.0029296702186271772,0.0022049354164624052,0
0.01563892021939883,0.00880876432336099,0.9755523154572402,2
0.06005128730016853,0.6148592073802167,0.3250895053196147,1
0.04075681833001485,0.04616322920970537,0.9130799524602798,2
0.012009055537595617,0.02353681688170558,0.9644541275806988,2
0.023660620061954626,0.1232016316831968,0.8531377482548487,1
0.15918298311787402,0.6817672923262159,0.1590497245559101,1
0.1279154182836719,0.3361062690056574,0.5359783127106708,0
0.007670710896894818,0.013839083424181761,0.9784902056789235,2
0.037913186236933225,0.08860558039675072,0.8734812333663161,2
0.9887497349133694,0.009546450344105993,0.0017038147425247542,0
0.03098959078720401,0.12300215144327735,0.8460082577695187,2
0.02231826005972132,0.02878032756434693,0.9489014123759317,2
0.03954916669271047,0.14648135097004764,0.8139694823372419,2
0.003942106361677175,0.00684778462252664,0.9892101090157963,2
0.9776102770126849,0.021648517652442495,0.0007412053348726761,0
0.053716594965174023,0.055701318765707754,0.8905820862691182,2
0.11878763317905994,0.5773042724167767,0.30390809440416333,1
0.12107062370784272,0.6583699797725595,0.22055939651959786,1
0.17123550232513748,0.7784414696549893,0.05032302801987334,0
0.010418407208263945,0.008107220875442786,0.9814743719162934,2
0.02124511706242628,0.09347979023322103,0.8852750927043527,2
0.2633718257575883,0.027293364131479095,0.7093348101109326,2
0.7298703701417065,0.2605842778475254,0.009545352010768168,1
0.21947641598320983,0.6820924530820818,0.09843113093470848,0
0.9821366259065732,0.017332493688693055,0.0005308804047336528,0
0.9199138782769674,0.07770952788964279,0.0023765938333898218,1
0.012983731128378962,0.02221891277796114,0.96479735609366,2
0.9020383122389773,0.08110203675692611,0.01685965100409663,0
0.011720245824324259,0.006610742424155267,0.9816690117515204,2
0.99900268689117,0.0005683028183408983,0.00042901029048925083,0
0.9974107519363353,0.001858761757745155,0.0007304863059195849,0
0.028864863535825083,0.057716638951247234,0.9134184975129277,2
0.975191147376441,0.01961245304949448,0.0051963995740646005,0
0.018076257478342662,0.02461018508139766,0.9573135574402596,2
0.038258824045425244,0.8239752752901369,0.13776590066443775,1
0.9954576352089819,0.0017993707401744504,0.002742994050843664,0
0.007189474939293717,0.03107439824058377,0.9617361268201227,2
0.592316693671242,0.40395998678238265,0.0037233195463754545,0
0.030341462691786163,0.07815784216574632,0.8915006951424677,2
0.0031187704722987243,0.014911887324209977,0.9819693422034912,2
0.9517776706645773,0.04485250939521898,0.003369819940203627,0
0.028974718765534906,0.021695872567490265,0.9493294086669749,2
0.4220844312813009,0.5597203475816446,0.018195221137054487,1
0.01383061915582208,0.008198154125735277,0.9779712267184427,2
0.038107184152206125,0.16722284245189334,0.7946699733959005,2
0.017051660804352813,0.021275058069086555,0.9616732811265607,2
0.09678510811490865,0.8528359693063547,0.050378922578736586,1
0.9724579066096479,0.024228826270944234,0.003313267119407853,0
0.7895900184256596,0.20568263328084913,0.004727348293491409,0
0.007750375831843241,0.05074010800927975,0.9415095161588769,2
0.04761090594449792,0.22342849008678053,0.7289606039687216,2
0.07974226589233165,0.23036323966151437,0.689894494446154,2
0.03433575024729677,0.06857122509035132,0.8970930246623519,2
0.9752438329051852,0.014796489946680794,0.00995967714813408,0
0.01816420107570427,0.032320382486154556,0.9495154164381412,2
0.03040697226557546,0.04704779107953127,0.9225452366548933,2
0.9856432770966029,0.013358413239954405,0.0009983096634425474,0
0.9137299136610184,0.08239718410796434,0.003872902231017193,0
0.99659296982183,0.0029718268821704663,0.0004352032959997534,0
0.013191000356739348,0.060678762678763876,0.9261302369644967,2
0.4959066234589613,0.4885770428127407,0.015516333728298026,1
0.03721127547306907,0.13147068773262235,0.8313180367943086,1
0.8911996490947434,0.07952611628118601,0.029274234624070566,0
0.013440554981128673,0.21283500546933584,0.7737244395495354,2
0.7926584675758857,0.2003605500045462,0.006980982419568134,1
0.23065508124303813,0.7056437113010233,0.06370120745593848,0
0.8577126341023041,0.07272423042906627,0.06956313546862966,0
0.18408827296691477,0.780970738705754,0.03494098832733129,1
0.0784713584909763,0.17214387241684717,0.7493847690921764,2
0.22802446592317052,0.5272111383273643,0.2447643957494652,2
0.078014262974329,0.35682753917152965,0.5651581978541413,1
0.130281054829697,0.6475930000187283,0.22212594515157463,1
0.9988004437492215,0.000927124551234911,0.000272431699543563,0
0.04645576462368558,0.6407442835344845,0.31279995184182985,2
0.991332925498284,0.008302750332258833,0.0003643241694572915,0
0.8680644389726829,0.12436360618548545,0.007571954841831539,0
0.9324038500772378,0.059921113782646786,0.007675036140115368,0
0.005974552797231876,0.006053636763823203,0.987971810438945,2
0.984059432484101,0.01031794188610967,0.0056226256297891766,0
0.04605507798568624,0.3608840762871467,0.593060845727167,2
0.7271555009314281,0.2606959005229263,0.012148598545645704,0
0.004291770708940765,0.010186188810108347,0.9855220404809508,2
0.9707223953644765,0.01911724201912629,0.01016036261639726,0
0.08431906591823775,0.40033012046516653,0.5153508136165957,2
0.018004117568992683,0.029617758864924185,0.9523781235660832,2
0.5459857424908294,0.4398423115191268,0.01417194599004372,1
0.3870534676397341,0.024191952976974494,0.5887545793832913,2
0.213872016838474,0.7342214850598945,0.051906498101631594,1
0.9914985023152817,0.008270536568020112,0.00023096111669822916,0
0.15262092532234306,0.7284749761544747,0.1189040985231822,1
0.14526418396782806,0.8215411420581445,0.033194673974027436,1
0.8181625437914029,0.1813664093075364,0.0004710469010607702,1
0.03155992106962984,0.04704802976482634,0.921392049165544,2
0.2211832750398101,0.7610778968471122,0.017738828113077608,0
0.0074820987476593576,0.018422045460669792,0.9740958557916709,2
0.1271645839398552,0.8373454687395383,0.035489947320606556,1
0.007193437592297693,0.006586597485106984,0.9862199649225954,2
0.9948889293449781,0.0017504197852506054,0.0033606508697712405,0
0.058910933494415736,0.3587129656001717,0.5823761009054125,2
0.9985545027068454,0.0009856074253065414,0.00045988986784815055,0
0.2728831416421544,0.712270547831878,0.014846310525967703,1
0.0713493444096877,0.3155383589602467,0.6131122966300656,1
0.020090674510294917,0.0971614600523481,0.882747865437357,2
0.9275962637094891,0.07105331828783776,0.0013504180026731752,0
0.03177840141362747,0.06424611066906806,0.9039754879173044,2
0.1606485682721263,0.6952940208042768,0.1440574109235969,2
0.07080518920475741,0.20492905831948682,0.7242657524757559,1
0.7227518859031096,0.2731030853776617,0.004145028719228794,1
0.09902099045604894,0.8604037502807264,0.040575259263224625,1
0.08540629392055563,0.10878537315228717,0.8058083329271573,1
0.009321848657095797,0.01461131156906214,0.9760668397738421,2
0.4768661227888907,0.4743078869067044,0.048825990304404966,1
0.9730735360897079,0.021109673649780388,0.00581679026051159,0
0.015415207864221948,0.0765662889143037,0.9080185032214743,2
0.023678824484751827,0.014607011478286936,0.9617141640369612,2
0.995798380152062,0.00351765035072803,0.0006839694972099961,0
0.008194301808998938,0.03410643600238965,0.9576992621886113,2
0.19980358004644277,0.0755358102501015,0.7246606097034558,2
0.10094534804691964,0.38083267606579524,0.5182219758872851,2
0.036982306599627326,0.3199046100280094,0.6431130833723633,2
0.9591969839222972,0.03810634456008306,0.002696671517619704,0
0.15986212392483287,0.3576434696841489,0.48249440639101826,2
0.32572967765791966,0.63359342699858,0.04067689534350025,0
0.06458143701225944,0.10082068181175835,0.8345978811759821,2
0.9990687089607867,0.0008389002252968933,9.239081391643555e-05,0
0.8397120978964173,0.15673540200429265,0.0035525000992899956,0
0.9928296315356112,0.006735785989749435,0.00043458247463946026,0
0.06018717843429226,0.1489298466173424,0.7908829749483653,2
0.9883116799044264,0.008147163218853,0.0035411568767207595,0
0.029579217147323273,0.09585366719765759,0.8745671156550192,2
0.9990944823717967,0.0006428172006668256,0.0002627004275365039,0
0.03458037382076803,0.031827103684211246,0.9335925224950207,2
0.11573398642693132,0.8023773728238096,0.08188864074925908,1
0.061356435976093374,0.8573548008816381,0.0812887631422685,1
0.06735218005357393,0.6281723192401633,0.3044755007062627,1
0.9153852699988552,0.08248089738793693,0.002133832613207921,0
0.42573786007915326,0.5517402230057472,0.02252191691509951,0
0.812428183947308,0.18471130175494782,0.0028605142977443264,1
0.007793934257772193,0.018857204218962607,0.9733488615232652,2
0.031158545088487703,0.11690143541684497,0.8519400194946675,1
0.006833376455928765,0.040219703221754104,0.9529469203223172,2
0.5156717441911526,0.28944048671679345,0.19488776909205408,1
0.015430823572161021,0.02539682566939062,0.9591723507584483,2
0.008237816065826927,0.02149380031131513,0.9702683836228579,2
0.008045159194574814,0.005250074801182247,0.9867047660042428,2
0.028808296394041928,0.05209780030156193,0.9190939033043962,2
0.9969138840650923,0.0029515325015122738,0.0001345834333952568,0
0.04006376206515892,0.11723190114266074,0.8427043367921804,2
0.033933307657911777,0.0995580756086297,0.8665086167334586,2
0.0050091550364008905,0.0033661317404919517,0.9916247132231072,2
0.07620625407910829,0.20996111646089918,0.7138326294599925,2
0.011095624800789463,0.015616661687542511,0.9732877135116681,2
0.082798442917412,0.16485576855530693,0.7523457885272811,2
0.9906985539378007,0.004854944875518456,0.004446501186680867,0
0.3621296753343963,0.6228423606008002,0.015027964064803565,0
0.03496132105206626,0.06632741674403013,0.8987112622039037,2
0.02528406812606729,0.08197982678381785,0.8927361050901148,2
0.1462478395064266,0.18245954667270975,0.6712926138208636,1
0.06502459352898318,0.14153894685653678,0.79343645961448,2
0.08609357108877772,0.33406104256270197,0.5798453863485202,2
0.008146514740836705,0.008201564365519892,0.9836519208936433,2
0.01535703793321021,0.03038933876396901,0.9542536233028208,2
0.02026454841312821,0.027112002240085777,0.9526234493467861,2
0.013933237147367914,0.01433192077719876,0.9717348420754333,2
0.6586975494512086,0.23679825749458822,0.10450419305420312,0
0.016264614964571964,0.8872241769187309,0.09651120811669707,1
0.9162925864883977,0.07821597924327604,0.005491434268326259,1
0.28192448057845865,0.6024136639363009,0.11566185548524048,1
0.21441794941511116,0.6657427772461387,0.1198392733387501,1
0.053880677288453985,0.7301764109073938,0.2159429118041521,1
0.028270361720853694,0.030128542494721727,0.9416010957844245,2
0.9984274204951077,0.0008980744081478317,0.0006745050967445525,0
0.9981532840219589,0.0007423231951008664,0.0011043927829402275,0
0.5259713421044949,0.46008258482215214,0.013946073073353061,0
0.06042584941530997,0.7493455289181968,0.19022862166649326,0
0.9941658432272948,0.004579891536946976,0.001254265235758134,0
0.06919337015022077,0.424606082307791,0.5062005475419882,1
0.17445586791055814,0.643303553194705,0.18224057889473694,2
0.2741539061731951,0.3776204592737644,0.3482256345530405,2
0.06700824424395593,0.1396805529583246,0.7933112027977195,2
0.9897614970202631,0.007072155273782684,0.0031663477059543036,0
0.943961978346525,0.05321758426309505,0.002820437390379957,0
0.017885542828625124,0.07965312587530833,0.9024613312960665,2
0.010365187035205167,0.026212028452372707,0.9634227845124221,2
0.6346455988249121,0.19187251254284773,0.17348188863224012,0
0.028889064382030913,0.1317990868143817,0.8393118488035873,2
0.019790812764094303,0.21685185750277505,0.7633573297331308,2
0.02043691116766628,0.04451594675715708,0.9350471420751766,2
0.9762737620615671,0.020161621271668644,0.003564616666764342,0
0.8549466098384502,0.14231328040348204,0.0027401097580679133,0
0.17163242396823253,0.7711293621656002,0.057238213866167176,1
0.9984121873787059,0.0006424199573267432,0.0009453926639674678,0
0.06134701187372115,0.3469686320437152,0.5916843560825636,2
0.9345816957624484,0.06428453366602177,0.0011337705715298955,0
0.03761841533701255,0.06228788233255933,0.9000937023304282,2
0.5162479476508283,0.38573391889176417,0.09801813345740751,0
0.01563227370242842,0.06077973078521559,0.923587995512356,2
0.9091814552774596,0.08208978282762729,0.00872876189491315,0
0.9904192652259161,0.0051372241250881735,0.004443510648995793,0
0.8977976685162216,0.10031891576419456,0.0018834157195838917,0
0.4655428621894986,0.281780372650257,0.25267676516024445,1
0.1004507755627106,0.2677297930048785,0.6318194314324109,2
0.01803167631697579,0.009864687796853452,0.9721036358861708,2
0.009829528847846962,0.013698323730327274,0.9764721474218256,2
0.8761378941595853,0.11993849555958137,0.003923610280833277,0
0.009850672414427558,0.08023239923452559,0.909916928351047,2
0.03188135449127867,0.21172525159135785,0.7563933939173635,2
0.8584871132791199,0.13152888154530026,0.009984005175579834,0
0.9917969088826949,0.007314724249019029,0.0008883668682862296,0
0.00870003232519458,0.016454796923869648,0.9748451707509357,2
0.014603884717720566,0.0752147380087264,0.910181377273553,2
0.010096766011938183,0.019960443834568364,0.9699427901534935,2
0.9918386688211152,0.006268068297936477,0.0018932628809485272,0
0.9711741944225938,0.027642991110311713,0.0011828144670944013,0
0.06102055346274877,0.02112645574882139,0.9178529907884297,2
0.04921909690126333,0.7400306607375268,0.21075024236120984,1
0.01156491911160697,0.03433083523617514,0.9541042456522179,2
0.28455524277698774,0.6826058989809203,0.03283885824209203,1
0.5778466132753649,0.0760103414051047,0.34614304531953044,2
0.0567847563970532,0.05404841226529251,0.8891668313376544,2
0.45292216422839443,0.11884384208193907,0.42823399368966647,1
0.04985125743906771,0.7145218871850477,0.23562685537588454,1
0.07659536984527152,0.3331136478439087,0.5902909823108198,2
0.03878978285835335,0.05741614733556409,0.9037940698060826,2
0.04555608365471231,0.1984081568327062,0.7560357595125815,2
0.014784082972228928,0.015383782286355506,0.9698321347414156,2
0.8969060104473843,0.09583432114194787,0.007259668410667908,0
0.012647303184044336,0.035173033079675516,0.9521796637362803,2
0.9811777281507957,0.018608124274579873,0.00021414757462437497,0
0.021664318474275406,0.05071200339752463,0.9276236781281999,2
0.009338079806349927,0.11620587323372471,0.8744560469599253,2
0.018098466808452437,0.01638378648510282,0.9655177467064446,2
0.0615212251612911,0.06717423258176411,0.8713045422569448,2
0.6017123021068757,0.369542851698744,0.028744846194380388,0
0.016155465029423936,0.046100384217138,0.937744150753438,2
0.02512776366532231,0.25386055362338045,0.7210116827112972,2
0.07811289984638853,0.06998523328311072,0.8519018668705007,2
0.725223275447067,0.2537216842411686,0.021055040311764316,1
0.056174621372621435,0.6281624320083001,0.31566294661907845,2
0.004997799188128711,0.006037529996906538,0.9889646708149649,2
0.18288683852392035,0.7063462931754937,0.11076686830058602,1
0.982694926170362,0.016901537948448137,0.0004035358811898384,0
0.990392260457544,0.00942245718929603,0.00018528235315980575,0
0.06633486197990289,0.25248360952216486,0.6811815284979321,2
0.9900310907337401,0.009644484630443302,0.0003244246358165798,0
0.9829771147736147,0.012693160362339168,0.004329724864046085,0
0.012855711317939384,0.022859148503142357,0.9642851401789182,2
0.025486945748533864,0.10375818592113761,0.8707548683303284,2
0.08643254344631732,0.7450240799871611,0.16854337656652152,1
0.497240528115527,0.017833070494914612,0.48492640138955856,0
0.04440538641848392,0.5392002539692539,0.41639435961226223,2
0.04468586179105527,0.04258069255457674,0.9127334456543681,0
0.8534572176166683,0.1089148310177225,0.0376279513656092,0
0.010728422548776137,0.02149394121265553,0.9677776362385683,2
0.08487246866595025,0.4658878929495163,0.4492396383845334,1
0.032453507404181285,0.1076353874398542,0.8599111051559645,2
0.5486843770940776,0.4409169247177234,0.01039869818819891,1
0.19836464288537098,0.7660683356895759,0.035567021425053025,1
0.6854426954648906,0.07384085626454819,0.24071644827056127,0
0.11647583135444511,0.05006764654666636,0.8334565220988887,2
0.10776338084814654,0.4236604108096997,0.4685762083421538,1
0.1269503620210109,0.7541856447780454,0.11886399320094379,1
0.18354384498475135,0.5743951530112609,0.2420610020039879,1
0.004152601158842356,0.023231627534903605,0.972615771306254,2
0.03259918590141632,0.0486024390825428,0.9187983750160409,2
0.004809495453962601,0.02641550856192814,0.9687749959841092,2
0.994266823911831,0.005516271421398195,0.0002169046667708644,0
0.1980561835095265,0.45039378323813734,0.35155003325233625,2
0.9989049640730753,0.0005901683665901094,0.0005048675603346752,0
0.9915307683530673,0.007867897637278172,0.0006013340096544379,0
0.9866685024510647,0.009025652683894912,0.00430584486504058,0
0.7572685186331851,0.2339877911450832,0.008743690221731723,0
0.011809958263804422,0.006701822042046574,0.981488219694149,2
0.03336231623569427,0.41918762652201874,0.547450057242287,0
0.0250827802043046,0.042238174315465615,0.9326790454802298,2
0.9958168100152975,0.0014080395666641013,0.00277515041803831,0
0.12298542563660035,0.5149876734367337,0.362026900926666,2
0.009237445423390592,0.020870464759956756,0.9698920898166526,2
0.29137276433063014,0.4940847496675448,0.21454248600182504,1
0.8515107217633952,0.14438141220949022,0.0041078660271146325,0
0.9924177595106336,0.00507178421892913,0.002510456270437123,0
0.41927083778876384,0.3799687480748152,0.200760414136421,1
0.044000947955856025,0.8580096635256604,0.09798938851848359,1
0.04059169260354075,0.010844430192960339,0.9485638772034989,2
0.026205937510186652,0.09692826148715776,0.8768658010026557,2
0.08057054885577859,0.008892465220562695,0.9105369859236587,2
0.11044015795086828,0.8268712159028038,0.06268862614632811,1
0.008835377602447821,0.03691640093396379,0.9542482214635885,2
0.0485048720932082,0.03069634903974293,0.920798778867049,2
0.032459075919599976,0.062360718621712316,0.9051802054586877,2
0.004605706980278575,0.012914340912449487,0.9824799521072719,2
0.08710495605799996,0.025205785576160482,0.8876892583658397,2
0.9656868763338766,0.008600369923010902,0.025712753743112306,0
0.044940046114022296,0.15789467979783542,0.7971652740881422,2
0.9460853197601709,0.0490649440868659,0.004849736152963325,0
0.9383499267766449,0.05581269809306286,0.005837375130292288,0
0.9798017840034373,0.01690306998978923,0.0032951460067733424,0
0.10836413763789297,0.39455682579094475,0.4970790365711623,1
0.9582653727105268,0.03533022683427215,0.006404400455201019,0
0.19302311052820367,0.7136279259057806,0.09334896356601557,1
0.3023961260467567,0.6709690706384732,0.026634803314770195,1
0.1039864208690474,0.5000970349972129,0.39591654413373967,1
0.2863081535287354,0.3610652327607059,0.35262661371055876,1
0.7186789259366897,0.2776964940872072,0.0036245799761031525,1
0.008385020986322204,0.05299036185576236,0.9386246171579156,2
0.01997854071336154,0.09482300962436929,0.8851984496622691,1
0.026687866328310376,0.045598478009951086,0.9277136556617385,2
0.971282658907967,0.027536243347537806,0.0011810977444952043,0
0.02316086737427642,0.6058817216048604,0.37095741102086316,1
0.9951759646929396,0.004357162531610752,0.0004668727754498521,0
0.15251576869694675,0.7940045455765958,0.05347968572645731,1
0.1747866068028562,0.39333556794137936,0.4318778252557644,2
0.8694272834321174,0.12774857641538712,0.0028241401524954604,0
0.028940583678627705,0.045817989392006486,0.9252414269293657,2
0.18172197718924646,0.7985628139203332,0.019715208890420315,1
0.09574602964438717,0.029337516931528616,0.8749164534240841,2
0.04646938678421899,0.015704358265287047,0.937826254950494,2
0.9858579147367027,0.009842287200807334,0.004299798062490026,0
0.9652352721976819,0.03403726674925241,0.0007274610530657837,0
0.007056163315841538,0.16482449416612768,0.8281193425180308,2
0.5080450612917066,0.48148164275867633,0.010473295949617094,0
0.19497949059860517,0.4038045155028376,0.40121599389855717,1
0.9962988074750476,0.0008189619419595938,0.0028822305829927703,0
0.015952967465323546,0.2643628434768442,0.7196841890578324,1
0.005990180897618449,0.006703820360004037,0.9873059987423775,2
0.00796142600855497,0.00468163740046536,0.9873569365909797,2
0.02742182785240211,0.054505907251664834,0.9180722648959331,2
0.1155534280219548,0.3663310242460021,0.518115547732043,1
0.9933105787208799,0.005610867961643476,0.0010785533174766338,0
0.02203065890679536,0.014350312555134399,0.9636190285380702,2
0.05744816659512761,0.35906119231382927,0.5834906410910432,2
0.2241518088731429,0.22386168275161597,0.5519865083752411,1
0.8891379061454778,0.038130323318994616,0.07273177053552757,0
0.014686416657493963,0.09613517674758344,0.8891784065949226,2
0.024826987736687494,0.0038685001247819673,0.9713045121385305,2
0.7372113073284751,0.05086693833692264,0.21192175433460214,1
0.023777201229401503,0.027990766657675994,0.9482320321129224,2
0.00965807026071053,0.01073452704036652,0.9796074026989229,2
0.02863870877289777,0.7801595088261041,0.19120178240099805,1
0.8821813795855461,0.10386630928662513,0.013952311127828748,0
0.013304599746730632,0.022053148576737888,0.9646422516765315,2
0.9847581374275494,0.008980013475364016,0.006261849097086615,0
0.028619084974734237,0.04260284416941353,0.9287780708558523,2
0.9929534132431328,0.002329426602485313,0.004717160154381739,0
0.09036749554164399,0.6098329689155043,0.2997995355428517,1
0.03739941256887662,0.30054931643937277,0.6620512709917507,2
0.19875541600149935,0.6791461014194946,0.122098482579006,1
0.009955839730014227,0.16033637350162744,0.8297077867683583,2
