pred_Dropout,pred_Enrolled,pred_Graduate,true
0.03692970932236858,0.463917579956772,0.49915271072085954,2
0.9142254428707042,0.020085963610202668,0.06568859351909326,0
0.9721141214177563,0.02235350289296995,0.005532375689273705,0
0.905531662535926,0.09373708543078185,0.0007312520332920452,0
0.9827148585337749,0.01714865888320229,0.00013648258302270506,0
0.9284667744429427,0.07118424106221011,0.00034898449484720465,0
0.06533805415180971,0.25100635485460526,0.683655590993585,2
0.2891422743420666,0.7081016376783229,0.0027560879796105406,1
0.060182451004449064,0.1058850452937689,0.8339325037017821,0
0.9799140872795189,0.018987117728620148,0.001098794991861052,0
0.9680555521913783,0.02252378699850806,0.009420660810113503,0
0.7686484089796182,0.050210129831226094,0.18114146118915578,0
0.04720631754739345,0.19249666225328504,0.7602970201993214,2
0.9608231957770342,0.038507829146721066,0.0006689750762446825,0
0.9048557579833874,0.09049049986527272,0.004653742151339997,1
0.03246167875605747,0.0358929977431687,0.9316453235007738,2
0.9947141291053102,0.0038341760739800976,0.0014516948207097236,0
0.9445874552700245,0.05256385495668973,0.002848689773285838,0
0.014713089162267443,0.06551627682807255,0.91977063400966,2
0.18942005372263004,0.5874187895146792,0.2231611567626908,1
0.014750284224961623,0.14140750233340757,0.8438422134416308,2
0.03944681387661498,0.796169591928558,0.16438359419482712,1
0.34317606819723095,0.590215411080233,0.06660852072253588,0
0.14369169316159433,0.3324540546994149,0.5238542521389907,2
0.005027687251379173,0.0032031456595599077,0.9917691670890609,2
0.9811940896187039,0.01860642760235524,0.0001994827789408867,0
0.9902646146805962,0.0072486695432306325,0.002486715776173271,0
0.04994190994662315,0.3041409352767619,0.6459171547766149,1
0.10754042391508635,0.6634121122965717,0.22904746378834195,1
0.9426487301874974,0.05581607629867284,0.0015351935138297767,0
0.03993968337386406,0.1387140058524958,0.8213463107736402,2
0.03068246940767576,0.559053131687937,0.4102643989043872,2
0.060522275451791334,0.7725337028823396,0.16694402166586908,1
0.035494338570474376,0.3058188156077707,0.658686845821755,2
0.013874742052694821,0.07742149247812956,0.9087037654691756,2
0.9794213069843897,0.016803685939944232,0.0037750070756661447,0
0.013994051190454066,0.028778089331988506,0.9572278594775574,2
0.08768850320327186,0.16775464785808372,0.7445568489386444,2
0.9980466877614353,0.0018909281446715068,6.238409389299852e-05,0
0.11791405670881384,0.5046076191784242,0.3774783241127619,1
0.9941609240017565,0.003824219766782964,0.0020148562314606655,0
0.025190214681659086,0.11311644672253751,0.8616933385958034,1
0.03815047658426164,0.027320073763009056,0.9345294496527293,2
0.05597129727047144,0.3461777993956129,0.5978509033339157,2
0.00893534755753888,0.026058345077093228,0.9650063073653679,2
0.014783213510570806,0.03163104508675401,0.9535857414026752,2
0.15064707714828082,0.3360134461155254,0.5133394767361938,1
0.06681756422421933,0.13317199234751645,0.8000104434282642,1
0.9759832880258974,0.01529586135428433,0.008720850619818485,0
0.14981230756973124,0.7989816208459994,0.051206071584269305,1
0.13166864618005808,0.8076855368672949,0.06064581695264685,1
0.013777725990041664,0.08246170562689582,0.9037605683830626,2
0.02408734726525656,0.34923758508857566,0.6266750676461678,2
0.041467599018981054,0.10636691667189417,0.8521654843091248,2
0.010518319141516434,0.14781838869493613,0.8416632921635474,2
0.16505037451546914,0.5886042064367211,0.2463454190478097,1
0.018539173080596126,0.0367883556423716,0.9446724712770322,2
0.0336925599083418,0.3899880330890985,0.5763194070025597,2
0.0249240546500787,0.09327972475475345,0.8817962205951678,1
0.058292800090561134,0.13364114607505326,0.8080660538343856,2
0.07399979977461962,0.5139531341134267,0.4120470661119537,2
0.9379199039782963,0.059843526141092895,0.0022365698806106637,0
0.8986182684511934,0.09915334076465748,0.0022283907841492002,0
0.15060941679456955,0.846612076379914,0.002778506825516607,1
0.026488870065867295,0.03309553571923963,0.9404155942148931,2
0.021754564906998473,0.030713129534245487,0.9475323055587559,2
0.996122158278598,0.003656820893998286,0.0002210208274037507,0
0.8688476067696103,0.09381524698882054,0.037337146241569086,1
0.9876038789011521,0.008770885296482614,0.0036252358023653145,0
0.7462741043874185,0.2481773184281266,0.005548577184454884,0
0.008841868561071426,0.02310724470562548,0.9680508867333031,2
0.059599744461123545,0.1427197280625359,0.7976805274763406,2
0.016582073021850708,0.0037236010220884873,0.9796943259560609,2
0.07502953570000716,0.30010002732960356,0.6248704369703894,1
0.04916681030187147,0.2087057583478729,0.7421274313502555,2
0.0997071882382163,0.11578797923631494,0.7845048325254688,2
0.11259517663434758,0.2818165682310047,0.6055882551346478,1
0.08224189346586601,0.30017657797968245,0.6175815285544516,2
0.021043579229970882,0.020250351583605053,0.9587060691864241,0
0.008633892654585284,0.008680153508501601,0.982685953836913,2
0.9831596018983293,0.016593665224612534,0.00024673287705811434,0
0.00988009821215496,0.008955221604655225,0.9811646801831898,2
0.7045903533935503,0.28638337167447286,0.009026274931976917,0
0.1703929757209768,0.5428282443173638,0.2867787799616593,2
0.8746887336128736,0.12469922063760294,0.0006120457495234797,0
0.005961244158705428,0.0086058356528002,0.9854329201884944,2
0.9967925197910712,0.0017423158713139857,0.0014651643376147327,0
0.956046744113678,0.038050412976456886,0.005902842909865123,0
0.018757806965728138,0.0972065928811643,0.8840356001531076,1
0.019810765666748237,0.021008250737776634,0.9591809835954751,2
0.017478210176058426,0.0034512906402999343,0.9790704991836418,2
0.9899435077567187,0.009667003902785527,0.00038948834049581845,0
0.19451097791172106,0.3447763320727357,0.4607126900155433,1
0.7818736573264864,0.07581274094065497,0.14231360173285854,0
0.9893399975732559,0.010557049880786908,0.00010295254595715659,0
0.04222025553930499,0.10060127006627627,0.8571784743944187,2
0.029745338528713472,0.3516818806589095,0.618572780812377,1
0.2252373848939076,0.693036841489909,0.08172577361618343,1
0.01106184215982373,0.011627048168681256,0.977311109671495,2
0.8502442889381195,0.14466779801792365,0.0050879130439567865,0
0.05135741214412023,0.04987266061139019,0.8987699272444896,2
0.007243336670426796,0.015096044415086551,0.9776606189144865,2
0.06730552990786894,0.23309826626175062,0.6995962038303805,1
0.9393918101708322,0.044871456134630276,0.01573673369453765,0
0.07781903675945237,0.18035048517439492,0.7418304780661528,2
0.04269664874643044,0.2752756691405057,0.6820276821130639,2
0.6132891098393531,0.3790359364560768,0.007674953704570071,0
0.007927555590698394,0.006716380145311002,0.9853560642639905,2
0.014659726049706875,0.04456796315654814,0.940772310793745,2
0.07140645928168805,0.3100886607350268,0.6185048799832852,1
0.7335375586044673,0.2635403225861013,0.002922118809431239,0
0.029332682321753924,0.02150867212733979,0.9491586455509062,2
0.06766671667026289,0.20639241711674647,0.7259408662129906,1
0.12753977842162198,0.8337909132807778,0.038669308297600166,1
0.06587050887009549,0.13672985120479567,0.7973996399251089,2
0.015691224129505313,0.025398260894134987,0.9589105149763597,2
0.44403722589066025,0.23546640400688107,0.3204963701024586,0
0.01773331614483448,0.011346252517434588,0.9709204313377309,2
0.024418069122700496,0.023010255831123275,0.9525716750461762,2
0.015029082681762689,0.04810485371111415,0.9368660636071232,2
0.7888064926514033,0.18407794459458093,0.027115562754015658,0
0.04613435738933824,0.02118223131751613,0.9326834112931456,2
0.34692793356185625,0.6086667921705009,0.04440527426764295,1
0.964755271370295,0.022944939487307747,0.012299789142397124,0
0.013368338619741595,0.01857569982123315,0.9680559615590253,2
0.033438649822925874,0.03319067424405003,0.933370675933024,2
0.9698774417460123,0.02102707724055063,0.009095481013437077,0
0.05967242797582629,0.4181372324440255,0.5221903395801482,1
0.01247848414582444,0.04653753332954205,0.9409839825246336,2
0.01695423808895239,0.027763492991689606,0.9552822689193581,2
0.027801588146597164,0.12132431218507501,0.8508740996683278,1
0.004740800536651206,0.017485916496502742,0.9777732829668462,2
0.14972330370973122,0.7389545345801019,0.111322161710167,1
0.05401316143450147,0.7113812317452405,0.2346056068202581,2
0.5450316040433116,0.3214500358118018,0.13351836014488655,0
0.007005856305047478,0.013941103696062026,0.9790530399988906,2
0.014350692873658822,0.24623746453932965,0.7394118425870115,2
0.018544463681340943,0.02453806350535665,0.9569174728133024,2
0.026167827078289737,0.006011704832928429,0.9678204680887819,2
0.9812814084773471,0.006730882516988039,0.011987709005664704,0
0.15362373700425602,0.7775260705349561,0.06885019246078788,1
0.009429908585714205,0.005487132638797544,0.9850829587754881,2
0.04412438093964566,0.2334606492669746,0.7224149697933798,2
0.015738964611812414,0.0066275408196211465,0.9776334945685665,2
0.9893376925751146,0.009893487959840904,0.0007688194650445501,0
0.045267856849490105,0.2853233807560421,0.6694087623944678,1
0.010622766900972289,0.10773290558402107,0.8816443275150067,2
0.9400487554735341,0.05775147297446509,0.002199771552000833,0
0.018136097483527177,0.04761094468119114,0.9342529578352816,2
0.029895622331813445,0.0435013083022882,0.9266030693658984,2
0.01948780996622921,0.12261814829676372,0.8578940417370071,1
0.014052825396835666,0.015575048466074003,0.9703721261370903,2
0.1579478822847126,0.03524701390519394,0.8068051038100934,2
0.04046616737722521,0.12681202135557315,0.8327218112672017,2
0.9994320226556239,0.0002714406623870122,0.00029653668198892933,0
0.05683963348554278,0.08185464303353444,0.8613057234809227,2
0.030137647608623336,0.17769898196603479,0.792163370425342,2
0.9135871304699806,0.0842340267058035,0.0021788428242158022,0
0.008586577107921423,0.06403043557155107,0.9273829873205275,2
0.1792060350108181,0.6156566994565196,0.20513726553266223,1
0.9906651872966842,0.008492025553131331,0.0008427871501844681,0
0.008570427529002585,0.012031655169225644,0.9793979173017717,2
0.03704504866746044,0.12518847757193502,0.8377664737606045,2
0.944394788417088,0.054003925376033414,0.0016012862068786491,1
0.02117380196857268,0.054693765949195734,0.9241324320822315,2
0.5716184930367499,0.38602803993220797,0.04235346703104213,1
0.1245437352951945,0.16575689721430834,0.7096993674904971,2
0.0672607264760643,0.1581595799403217,0.774579693583614,2
0.006059586740509545,0.011388412202283489,0.9825520010572069,2
0.02650879244794085,0.020588144779934047,0.9529030627721252,1
0.9980865918549325,0.0014046593445275473,0.000508748800539836,0
0.009131078349391576,0.048856926502559225,0.9420119951480492,2
0.008313357158198392,0.003929657113368729,0.987756985728433,2
0.1120207930171203,0.12906413813056372,0.758915068852316,2
0.05871810612220588,0.16889954404663626,0.7723823498311578,2
0.03570497923530346,0.10033612563583372,0.8639588951288628,2
0.48967624015576244,0.5023121950905677,0.008011564753669858,0
0.01692904300040935,0.05963059731846412,0.9234403596811265,2
0.009010655859085956,0.009666987157149663,0.9813223569837645,2
0.02785381299269739,0.1418111703973757,0.8303350166099269,2
0.9740992809413904,0.023847187306090274,0.002053531752519236,0
0.1533598623220999,0.7756929694926249,0.07094716818527531,1
0.07049610532373915,0.372087251846796,0.5574166428294649,2
0.0036983869630392695,0.004146278063013086,0.9921553349739476,2
0.9133639986638261,0.08488764300017279,0.0017483583360011047,1
0.034155323065756346,0.09642036254291297,0.8694243143913307,2
0.0755136065878515,0.4662488647517584,0.4582375286603899,1
0.1426971322104421,0.785611651825072,0.07169121596448585,1
0.03127789402296823,0.22132539841542745,0.7473967075616044,2
0.1808326442170797,0.8040072144933821,0.015160141289538248,1
0.1245486406029227,0.1709090781922769,0.7045422812048003,2
0.04006302082160735,0.04830638503227343,0.9116305941461191,2
0.01215649313834959,0.023476123977523022,0.9643673828841274,2
0.031759039755217065,0.043399280127525225,0.9248416801172578,2
0.008052586938967075,0.034380565541829756,0.9575668475192033,2
0.24870239164349833,0.7061795852319275,0.04511802312457419,0
0.014752770856039042,0.04437302769225684,0.940874201451704,2
0.013418801113026929,0.005339152007940976,0.9812420468790322,2
0.9705226854572744,0.01913844087463617,0.01033887366808933,0
0.004494417514265904,0.004725059489998154,0.9907805229957359,2
0.10600412842712345,0.15845849518019955,0.735537376392677,2
0.004847701084797594,0.01145744903302626,0.9836948498821761,2
0.07610647616713404,0.4982757354693324,0.42561778836353364,2
0.9413944609939142,0.054648703429559936,0.003956835576525676,0
0.957318834157892,0.034201199908501796,0.008479965933606221,0
0.0402998520944993,0.048893029591354394,0.9108071183141464,2
0.12678523379036735,0.8040666782027172,0.06914808800691542,0
0.9153630599994492,0.04957539264357371,0.03506154735697693,0
0.9978614026749889,0.0011959070346929054,0.0009426902903181497,0
0.19635964032732145,0.29519900961868967,0.5084413500539889,2
0.019513175275886762,0.04440018005562139,0.9360866446684919,2
0.9946434060611585,0.004927351702141316,0.00042924223670018255,0
0.745131024447892,0.25171613508525253,0.003152840466855433,1
0.010164971386141121,0.07275588815660301,0.9170791404572559,2
0.05451151633634469,0.21640869087005088,0.7290797927936045,2
0.006396590733273206,0.004750391695761365,0.9888530175709656,2
0.022400205888176546,0.02129852363562406,0.9563012704761995,2
0.9960949819665457,0.0034570536313628703,0.000447964402091498,0
0.022774689439391854,0.01890446051407741,0.9583208500465307,2
0.019299860901725845,0.009269906466956817,0.9714302326313172,2
0.17162577416090202,0.7590025029707963,0.06937172286830183,2
0.9706769125550995,0.022370943912111085,0.0069521435327894,0
0.6796635221119041,0.3163762855363938,0.00396019235170225,0
0.029972164271863614,0.10332342758714197,0.8667044081409944,2
0.009689354566722569,0.08889107060735127,0.9014195748259262,2
0.4719029222689232,0.46476987059174724,0.06332720713932945,0
0.9807893953709367,0.01756120213862048,0.0016494024904427594,0
0.030908739991080337,0.08704245186633679,0.8820488081425828,2
0.014260020632457047,0.042255729899728416,0.9434842494678145,2
0.8284955320024279,0.07363005978786959,0.09787440820970256,0
0.9955458924481605,0.004392313258526836,6.179429331281139e-05,0
0.2039840194992109,0.3909503545591305,0.40506562594165857,2
0.0912240543818102,0.37101370171351983,0.53776224390467,2
0.9413439949532831,0.053737086215474836,0.0049189188312420765,0
0.09639782814499975,0.07643706226265998,0.8271651095923404,2
0.5323072527098573,0.39097436334576025,0.07671838394438231,1
0.04943975411452154,0.1265623373538703,0.8239979085316081,2
0.06328720281324401,0.039537532559876444,0.8971752646268795,2
0.006825563229363658,0.011576022752403638,0.9815984140182327,2
0.2536497067916925,0.3741041986641396,0.3722460945441679,0
0.9861125699261342,0.006584243961254142,0.007303186112611582,0
0.006277980540058578,0.007371351794971643,0.9863506676649698,2
0.01302866163290795,0.17915673193362433,0.8078146064334678,2
0.007716858009492763,0.01609298204222718,0.9761901599482802,2
0.03833840828052037,0.04130437415162796,0.9203572175678516,2
0.14111843365037613,0.46133725589070684,0.39754431045891697,2
0.009187466524303661,0.01246650034732132,0.9783460331283751,2
0.9920987049659097,0.007087706498677286,0.0008135885354130104,0
0.0069100370925397935,0.01642116298047565,0.9766687999269846,1
0.23636329915727752,0.653474377560352,0.11016232328237038,1
0.16259187740154682,0.8130039221765096,0.02440420042194354,1
0.02300699469876528,0.04989307959618804,0.9270999257050466,2
0.016598177576223408,0.006517021305683182,0.9768848011180934,2
0.11083072018403377,0.8266720419591327,0.06249723785683344,1
0.4462897961639249,0.5304633667563139,0.023246837079761145,0
0.1250917841659174,0.15153380990393425,0.7233744059301482,0
0.06253497142229314,0.6855489333191017,0.2519160952586051,1
0.028913109237657823,0.7632181906610682,0.20786870010127398,1
0.09308664331114952,0.031080982228516865,0.8758323744603336,2
0.017172754343952015,0.06446313361291191,0.9183641120431361,2
0.0771705504841793,0.5696303231370864,0.35319912637873435,1
0.28921768637876516,0.42948182627829584,0.281300487342939,1
0.006305787865531773,0.017338575702780173,0.976355636431688,2
0.8026396110697125,0.19565622013254533,0.0017041687977422165,0
0.08391694967330962,0.43183764890633036,0.48424540142036004,1
0.04164579222721593,0.6832274561197353,0.2751267516530487,2
0.04375106491037052,0.14940451935822113,0.8068444157314084,2
0.013823188075742588,0.04070757497839162,0.9454692369458658,1
0.9950335880956859,0.004555620521945266,0.00041079138236910554,0
0.9960265593917562,0.002900140488875361,0.00107330011936861,0
0.9620232779234227,0.03591445744601574,0.002062264630561623,1
0.9754114636892041,0.0232498317913877,0.0013387045194083143,0
0.12433387052994883,0.7729325183482347,0.10273361112181648,1
0.052412340095484594,0.5002216921032949,0.4473659678012204,2
0.053102265235752365,0.32765492095458004,0.6192428138096676,2
0.008471736280170934,0.004072275646205808,0.9874559880736232,2
0.9871748207544605,0.004484848742562816,0.008340330502976539,0
0.23324584003698048,0.6606327157121101,0.10612144425090947,1
0.024482967536176566,0.069849500847573,0.9056675316162505,2
0.00765720086957857,0.05380150726465408,0.9385412918657673,2
0.997737966353217,0.0016690433613654073,0.0005929902854174542,0
0.7183332875468379,0.0509615178848432,0.23070519456831898,0
0.9027761552149087,0.09525908541868039,0.0019647593664109553,0
0.06039389960375646,0.2078395980531227,0.7317665023431209,1
0.0098811027039535,0.003901639242906674,0.9862172580531399,2
0.009575587637996626,0.022991112655112982,0.9674332997068904,2
0.39854181825920715,0.464953574907077,0.13650460683371574,0
0.018209051896781448,0.020926722628060317,0.9608642254751582,2
0.9795580546718163,0.017705412864305384,0.0027365324638783796,0
0.04366736341504611,0.17865993277897943,0.7776727038059744,2
0.04897274681423079,0.09245018728459509,0.8585770659011741,2
0.07830659402692729,0.5873056845100328,0.33438772146303986,2
0.035489510192066115,0.07269262525927417,0.8918178645486596,2
0.02724361794754273,0.04665963801229332,0.926096744040164,2
0.03864469903893144,0.3047385566664071,0.6566167442946615,2
0.9865334228995345,0.012447481647429396,0.0010190954530361139,0
0.012065637818467019,0.004355101851770741,0.9835792603297622,2
0.003570433699539279,0.020604621200287256,0.9758249451001735,2
0.9804882577796605,0.018893768480283193,0.000617973740056088,0
0.004750623966792561,0.011930294214387507,0.9833190818188199,2
0.9987720224578077,0.0003461307060448984,0.0008818468361474867,0
0.02029386150390835,0.010019397310320269,0.9696867411857715,0
0.9159674057981176,0.0821466669339305,0.0018859272679517093,0
0.10974258151706097,0.7878725873995439,0.10238483108339523,0
0.993942354068872,0.005610785276552538,0.00044686065457563815,0
0.6603256913040935,0.33374610947272887,0.005928199223177679,0
0.014135352165262884,0.03690875914904893,0.9489558886856883,2
0.08702681386354923,0.8214795218743542,0.09149366426209651,1
0.969367501350799,0.028351940387165746,0.0022805582620353255,0
0.020315314502429533,0.620157770439069,0.3595269150585015,1
0.01846113017193251,0.040992927602245044,0.9405459422258224,2
0.05289323420428726,0.3106530088467676,0.6364537569489451,1
0.018106708932899472,0.043689713090211094,0.9382035779768895,2
0.10363708456777534,0.5992233859659628,0.29713952946626176,1
0.05211317636884434,0.010884484485263007,0.9370023391458926,2
0.5124904544668287,0.3403739895182695,0.14713555601490183,1
0.08605015664645176,0.44923152145467043,0.46471832189887785,1
0.28813845890656425,0.261202621820111,0.45065891927332485,2
0.31491402708135763,0.34008531089008986,0.3450006620285525,1
0.020305757715698307,0.007128665398863873,0.9725655768854378,2
0.10609110128220743,0.6584306564086103,0.2354782423091822,1
0.013350864419200284,0.030686276916603635,0.9559628586641961,2
0.05070128777654154,0.09175541888402854,0.85754329333943,2
0.9723123073906698,0.026284280575946384,0.0014034120333838798,0
0.1971051983185592,0.7822004830709899,0.02069431861045097,1
0.008244742775946013,0.012579381833071427,0.9791758753909826,2
0.954829408408697,0.042167222931878266,0.003003368659424717,1
0.20748823631986962,0.15280235920408985,0.6397094044760405,0
0.9967315407483793,0.0027280961650334077,0.0005403630865871482,0
0.2833360578321311,0.5144184684687458,0.20224547369912302,1
0.04044348002686728,0.14523473118024904,0.8143217887928837,1
0.13783989745594216,0.2798727171741298,0.5822873853699281,2
0.13260418996926682,0.1425255477092263,0.7248702623215069,2
0.006779906993552341,0.05073009391205225,0.9424899990943955,2
0.014144623858459372,0.012001059536121609,0.973854316605419,2
0.9902454117681301,0.004647915383600692,0.005106672848269291,0
0.9806045906568375,0.01819426024297254,0.001201149100189915,0
0.03531321647898847,0.016556258797559845,0.9481305247234517,2
0.0242993628312987,0.020015707446142207,0.955684929722559,2
0.9787620531181557,0.016798873090015078,0.004439073791829228,0
0.18910930894975903,0.24304114374961902,0.567849547300622,1
0.9975654553070228,0.00199384120736795,0.0004407034856093654,0
0.7370426639423902,0.13969598526384297,0.12326135079376704,2
0.09915455021110968,0.5809640356929966,0.3198814140958937,1
0.008221243969482716,0.07300347499821551,0.9187752810323017,2
0.9896098606831614,0.007510835258897921,0.002879304057940727,0
0.013430869763577309,0.04240985066695504,0.9441592795694677,2
0.07062408739004752,0.7685859461465752,0.1607899664633774,1
0.09667105912903459,0.21629100238283738,0.6870379384881281,2
0.003630921698022352,0.00939453558435961,0.9869745427176181,2
0.19409183602677393,0.3258141280158401,0.4800940359573859,2
0.0114207425935664,0.01651906568021239,0.9720601917262213,2
0.953899986683187,0.03702936888218231,0.009070644434630907,0
0.9851870607367567,0.01097446868039105,0.00383847058285209,0
0.24692600221531663,0.5982524472681839,0.15482155051649937,1
0.015989968863383743,0.02228128752989005,0.9617287436067261,2
0.010369973338435699,0.02014979998932482,0.9694802266722395,2
0.006830863525206607,0.06037465493537107,0.9327944815394222,2
0.03834340963715312,0.21605973982292695,0.74559685053992,2
0.9144030488779273,0.0785374538085951,0.007059497313477626,0
0.006316809615156253,0.007178577743839131,0.9865046126410046,2
0.019130697735938805,0.03708896870500432,0.9437803335590569,2
0.005853822042423669,0.10064857900079625,0.89349759895678,2
0.020295859682202363,0.010915479545368307,0.9687886607724292,2
0.03151537126577317,0.07778621682584388,0.890698411908383,2
0.8137131798547761,0.06547876706296724,0.12080805308225681,0
0.9950909619710703,0.004575748021563791,0.00033329000736584933,0
0.9874986434886154,0.009053144488511794,0.0034482120228727106,0
0.013544579306100216,0.03693832127205,0.9495170994218498,2
0.9804825486105582,0.018807972350496967,0.0007094790389448435,0
0.061802730339749985,0.14648595161229316,0.7917113180479568,2
0.04507946280533646,0.19051965922599506,0.7644008779686685,1
0.7836027234598407,0.03972591029958833,0.17667136624057098,0
0.1473205791118348,0.7774375064121014,0.07524191447606375,1
0.9760904741022634,0.019385342068924373,0.004524183828812203,0
0.02392416467629355,0.07222444132643226,0.9038513939972742,2
0.9911489137869249,0.008767050834488607,8.403537858641617e-05,0
0.7118061821422356,0.2852582637325455,0.002935554125218981,0
0.011172807997348332,0.01589750581527909,0.9729296861873726,2
0.068192157306244,0.8150663135320031,0.11674152916175284,1
0.9809305854543171,0.016825550484437787,0.0022438640612450957,0
0.026569810849324922,0.5283731742472464,0.4450570149034288,1
0.07285078894416819,0.20263787832547017,0.7245113327303616,2
0.9982286522756773,0.0011973707257305472,0.000573976998592191,0
0.033137226057364605,0.13651758561942123,0.8303451883232141,2
0.009237306475763086,0.006178135259891474,0.9845845582643454,2
0.21597992930997872,0.7193425488954882,0.0646775217945332,1
0.03376304325207323,0.181159943879009,0.7850770128689177,1
0.023423760946573825,0.03602062171595923,0.9405556173374668,2
0.17083408603179565,0.5534375710470252,0.2757283429211792,0
0.9965171339199933,0.0034041464738388686,7.871960616794203e-05,0
0.021275006693111418,0.19319391269225009,0.7855310806146384,1
0.4231845024838425,0.5698775879642058,0.00693790955195172,0
0.07223503246443985,0.09401969946602427,0.8337452680695359,2
0.056570275702420986,0.09049675062080921,0.8529329736767698,0
0.014212777834955097,0.08876738234569352,0.8970198398193514,2
0.7323034792060967,0.051702602558980494,0.21599391823492284,1
0.0801230797337581,0.016780066787615806,0.903096853478626,2
0.014071392546732816,0.006342807732590964,0.9795857997206763,0
0.04000925959201985,0.1783439684768007,0.7816467719311794,2
0.29685130576583996,0.6989404905290216,0.004208203705138378,1
0.9983357375262184,0.0012260413486226535,0.00043822112515908045,0
0.9335492421562755,0.0657270191447895,0.0007237386989348781,0
0.02612673838299812,0.09782277522091186,0.8760504863960901,2
0.017077583472932114,0.02082327455157214,0.9620991419754957,2
0.018165295949342096,0.007387861416334305,0.9744468426343236,2
0.006877661858736136,0.01368545161671901,0.9794368865245447,2
0.30648920997161744,0.24911637417961716,0.44439441584876543,2
0.005197847478170961,0.011853596716460822,0.9829485558053681,2
0.005513508143580536,0.013085930501939768,0.9814005613544796,2
0.9881399994697528,0.008824294503814105,0.00303570602643306,0
0.021500409666608475,0.03288804487939941,0.9456115454539922,2
0.8965670015204379,0.0874842954037918,0.015948703075770395,2
0.680898906232005,0.026159205522434035,0.29294188824556106,0
0.039596777929222345,0.0893497138951711,0.8710535081756066,2
0.846711287212034,0.14150000142013855,0.011788711367827316,0
0.00693550815688508,0.004255831355877484,0.9888086604872374,2
0.017686612131142445,0.10224939245830329,0.8800639954105542,2
0.08222809567666858,0.749700124157958,0.1680717801653736,2
0.013777585106987832,0.020629111486772576,0.9655933034062395,2
0.05015853149961158,0.12962669282098171,0.8202147756794067,2
0.04474500374247379,0.10835081042600708,0.846904185831519,2
0.11226729127326605,0.40196556736289046,0.48576714136384347,2
0.023914498522292358,0.11236297430330032,0.8637225271744073,2
0.8830313926443558,0.1053506211662326,0.01161798618941152,0
0.10613400261592115,0.10311324861883732,0.7907527487652416,2
0.045734314877069075,0.7351466155955252,0.21911906952740573,1
0.2414509799370258,0.6896331534083985,0.06891586665457573,0
0.9919585738757047,0.006716325417200982,0.0013251007070944046,0
0.5054953781979445,0.03742702743975254,0.45707759436230283,0
0.01593223834377387,0.019525255799275883,0.9645425058569502,0
0.015758311509008506,0.0617070875642087,0.9225346009267829,2
0.9523302076015843,0.046820215883356844,0.0008495765150589258,0
0.013562742675448181,0.437589030380489,0.5488482269440628,2
0.9176606858178614,0.06804028357264985,0.014299030609488821,0
0.991346261247984,0.006076589616535137,0.0025771491354809055,0
0.8972678891159351,0.04517384240753788,0.057558268476526994,0
0.9491883010069462,0.05030356544661726,0.0005081335464365913,0
0.5397488909826268,0.07429113463648439,0.3859599743808887,2
0.0172512910506572,0.14228581554861744,0.8404628934007254,2
0.024017527888009746,0.1639752326828878,0.8120072394291025,2
0.6807584765196087,0.14553913731974175,0.1737023861606496,1
0.11417491022537166,0.08817997150780206,0.7976451182668262,2
0.4126681037911307,0.5638005506659222,0.023531345542947182,0
0.14898038097923766,0.44402396966725644,0.40699564935350596,1
0.12425170874265704,0.3833339942687983,0.4924142969885448,1
0.9307717532371702,0.06735334375347443,0.001874903009355491,0
0.011105436062510974,0.020906491670531165,0.9679880722669579,2
0.008204392534728032,0.02756925744842194,0.9642263500168499,2
0.4698503260201945,0.529090025056149,0.001059648923656406,0
0.3359556309360889,0.016524893363046175,0.6475194757008649,2
0.99569534003136,0.004057181918880804,0.000247478049759256,0
0.03600579392872899,0.26250820024427923,0.7014860058269917,2
0.16809574840786523,0.7321042105371499,0.09980004105498484,0
0.6067353894188612,0.09063683191000022,0.3026277786711386,2
0.9867598091505717,0.009703701717872475,0.003536489131555903,0
0.92465848677399,0.07377796489852258,0.0015635483274873908,0
0.14049562973486085,0.8533634328748433,0.006140937390295894,1
0.977780074917266,0.019512314793372454,0.0027076102893613895,0
0.027291558961591005,0.06864447822458025,0.9040639628138288,0
0.2541146060157991,0.7357273314865395,0.01015806249766143,1
0.9749654527912271,0.020001066316373328,0.005033480892399499,0
0.035360218915897954,0.06083033466181353,0.9038094464222887,2
0.824412816076294,0.17261172687330179,0.0029754570504041513,1
0.9697570964198998,0.0283670751567227,0.0018758284233775,0
0.3663676852744864,0.5875639693343617,0.046068345391151795,1
0.8968749161122245,0.06733772454171143,0.035787359346064224,0
0.03725845006567218,0.1752810521903713,0.7874604977439565,2
0.00536846910098677,0.01515451888829364,0.9794770120107195,2
0.12055210131015963,0.7724984164110666,0.1069494822787737,2
0.05129322759693991,0.10930908479926899,0.8393976876037911,2
0.21741463459043825,0.4939218963426292,0.2886634690669326,1
0.9946753680826702,0.0043185051138861065,0.0010061268034435933,0
0.04588414772227937,0.03403910900565643,0.9200767432720641,2
0.9479686803219357,0.0489444282205464,0.003086891457517895,0
0.3226963562768797,0.5666174778596256,0.11068616586349479,0
0.7597235682188147,0.23866672122623528,0.0016097105549499695,1
0.0030352092474646123,0.004111975194592443,0.9928528155579428,2
0.016386380026484335,0.19869080859708307,0.7849228113764326,2
0.9936127492305425,0.006002570190753708,0.00038468057870383673,0
0.11187953112175567,0.8753903830214638,0.012730085856780584,1
0.05221673488718133,0.00635895189751564,0.9414243132153031,2
0.9959683384625615,0.0031417863349846842,0.0008898752024537459,0
0.06758928313514448,0.26066023259194354,0.6717504842729118,2
0.019653010944683167,0.11526976967650238,0.8650772193788145,2
0.015894321902746013,0.029182038235267632,0.9549236398619863,2
0.26551885279728,0.7223703861328485,0.012110761069871393,2
0.9662072325801521,0.030211237837619108,0.003581529582228819,0
0.11640887708251084,0.621078671647454,0.2625124512700352,1
0.014688828339102046,0.07609839494703093,0.9092127767138671,1
0.98298816442109,0.016473813110783553,0.0005380224681265473,0
0.9807155076747285,0.012153143481783575,0.007131348843488094,0
0.9617464682854148,0.03612146547743779,0.0021320662371475175,0
0.05450187764490074,0.09241127924621774,0.8530868431088815,2
0.006736264896564229,0.014699404814514124,0.9785643302889215,2
0.016771251793151767,0.16746251973677415,0.8157662284700741,2
0.0592487957126364,0.18470754283115162,0.7560436614562119,2
0.0130569136874922,0.03849945371351356,0.9484436325989943,2
0.04666789612274714,0.06703745126716776,0.886294652610085,2
0.8540206184819075,0.06966180448958502,0.07631757702850743,1
0.946978444980008,0.036734081691829186,0.016287473328162768,0
0.03171633953212497,0.057851823886477916,0.910431836581397,2
0.3201582136936414,0.5890639442865246,0.09077784201983405,1
0.01575875428567185,0.1127252878602616,0.8715159578540667,2
0.007175222524080788,0.006770610259122602,0.9860541672167966,2
0.009432648814549638,0.1924373302515765,0.7981300209338739,2
0.06182288310882056,0.21784399288126616,0.7203331240099133,2
0.9982463191943889,0.001655418313507464,9.826249210366815e-05,0
0.016167149833773854,0.05902833340023076,0.9248045167659954,2
0.9873864207597899,0.012322162948234145,0.0002914162919759647,0
0.028313040191569615,0.025152948587397514,0.946534011221033,2
0.02896178699053189,0.004596957573555618,0.9664412554359125,0
0.976077106266074,0.021762381935563013,0.0021605117983630358,0
0.9155986561572683,0.07869759110444054,0.005703752738291086,0
0.024846628753230734,0.12641581957470863,0.8487375516720606,2
0.028501044228610013,0.0967760001076212,0.8747229556637689,2
0.9773523829851066,0.01586848198158405,0.006779135033309313,0
0.9656101107254832,0.02363241058026686,0.010757478694249834,0
0.027090899526311094,0.08478718079863615,0.8881219196750528,2
0.43426783781978406,0.49595208396669527,0.06978007821352067,1
0.01584669307099844,0.04944014853787893,0.9347131583911228,2
0.929040489279284,0.06171613809167093,0.009243372629044969,0
0.008566984881831673,0.014310627939714729,0.9771223871784536,2
0.05617015308324854,0.2725820719602554,0.671247774956496,2
0.012917470855276824,0.03283699021940737,0.9542455389253158,2
0.9456299233792996,0.03958260771837175,0.014787468902328592,0
0.031966608584145205,0.02356319016068875,0.9444702012551661,2
0.9918550716647314,0.004973975158955426,0.0031709531763129584,0
0.022206249515985915,0.13131024259796717,0.846483507886047,2
0.11389053752757468,0.27973273007573835,0.606376732396687,2
0.012934198500772662,0.03547434972025588,0.9515914517789714,2
0.9764268031407974,0.02128837037420264,0.0022848264849998,0
0.1633900157111252,0.6270528388200334,0.2095571454688413,1
0.1018012198788317,0.8188171224815718,0.07938165763959647,1
0.7434653198640616,0.09540864792629014,0.16112603220964822,0
0.010019020263071776,0.012026633207961625,0.9779543465289666,2
0.01442296077293229,0.3582490680303502,0.6273279711967175,2
0.7384123668055629,0.12705528166308808,0.13453235153134907,0
0.9943143934475694,0.00418404815677577,0.0015015583956548395,0
0.004775983360166628,0.013745513626532513,0.9814785030133009,2
0.03685445249796223,0.045254282703839986,0.9178912647981978,2
0.18699157417364148,0.1344223457868498,0.6785860800395088,2
0.06928277433340964,0.06343220257311145,0.867285023093479,2
0.9929427172401989,0.0062791857178636674,0.0007780970419372124,0
0.012480525649322236,0.012855517764332598,0.9746639565863451,2
0.2611855928050853,0.547647748569376,0.19116665862553867,2
0.006139228727600532,0.006186404737699034,0.9876743665347004,2
0.05169800895402028,0.11929873437332982,0.82900325667265,1
0.018366846740888662,0.19382408929669148,0.7878090639624199,2
0.008987336636110968,0.007399702087682314,0.9836129612762067,2
0.8909688283011243,0.034368425179754566,0.07466274651912122,0
0.009868054221678298,0.23109522896227933,0.7590367168160422,1
0.8316014058010828,0.16704388716851706,0.0013547070304001385,1
0.43335390164079035,0.48095856498369577,0.08568753337551394,2
0.14505653968915674,0.8324986364660887,0.022444823844754647,1
0.6514461804473061,0.3435636582215568,0.0049901613311371315,0
0.9974342493935446,0.001128362408123962,0.001437388198331439,0
0.013625101703445507,0.04109380923283793,0.9452810890637164,2
0.9606573876948491,0.036054918072054395,0.0032876942330965155,0
0.983622525487742,0.016297244665159884,8.022984709810066e-05,0
0.010804983497443531,0.08587782391921846,0.903317192583338,2
0.8390637949915201,0.10636926457886357,0.05456694042961633,0
0.008471280580723243,0.011725776122038015,0.9798029432972387,2
0.8097414794923247,0.1888426815289131,0.0014158389787622334,0
0.9620101495806854,0.02306762250369153,0.014922227915623034,0
0.035760022811317425,0.051528246317043856,0.9127117308716388,2
0.9931842999794264,0.0039679391908739965,0.002847760829699573,0
0.03298822847970466,0.07980661266005001,0.8872051588602454,2
0.9018703739537275,0.08946384199966509,0.008665784046607294,0
0.9419769284618476,0.05611427257952991,0.0019087989586224526,0
0.24727861482739047,0.21246541741992359,0.540255967752686,2
0.9987704522716947,0.0003906269034052625,0.0008389208249000048,0
0.034240066919903674,0.05279280748804572,0.9129671255920506,0
0.9673643162494125,0.03181371964104823,0.0008219641095392139,0
0.12997458653075789,0.3331150566066582,0.536910356862584,2
0.03488586329543968,0.19716257632490003,0.7679515603796602,0
0.9672096462826162,0.03169170775835064,0.001098645959033023,0
0.07754826433472597,0.038012560169390024,0.884439175495884,2
0.11592073822347108,0.5442483197029623,0.3398309420735667,2
0.07646262430220403,0.14918869756530953,0.7743486781324865,2
0.0715799972497122,0.2103356456361035,0.7180843571141843,2
0.023633461493206515,0.01447415769922111,0.9618923808075723,2
0.4375172800332676,0.5264709620680057,0.03601175789872676,1
0.9936751777791509,0.006013113725143721,0.00031170849570535264,0
0.048819322519412386,0.7719746705706895,0.1792060069098981,1
0.0035833264147594273,0.005741808501055876,0.9906748650841848,2
0.11812703233429185,0.7379041489317311,0.14396881873397713,0
0.9875707223490353,0.012213754076400199,0.00021552357456438906,0
0.1023333638250539,0.08898971267414467,0.8086769235008016,1
0.01606556102582089,0.01843247157032467,0.9655019674038544,2
0.9879097655855823,0.01168720505415765,0.0004030293602600707,0
0.03293360076278455,0.016247725205347993,0.9508186740318675,2
0.01461206693776699,0.08705234293636319,0.8983355901258698,2
0.9620407274379266,0.03448245060088798,0.0034768219611855168,0
0.9693807859120198,0.026980606921099225,0.0036386071668810284,0
0.009797974992632005,0.01664962133026646,0.9735524036771015,2
0.013277404951661692,0.014433025361983933,0.9722895696863543,2
0.5362051279981181,0.05909140235724722,0.4047034696446346,0
0.04819116609704112,0.07116565432839533,0.8806431795745635,2
0.15100426257831306,0.7611798336508628,0.08781590377082421,1
0.18707686866245346,0.7219841447431429,0.0909389865944036,0
0.007536711837447481,0.010022039155175648,0.982441249007377,2
0.01582371745344142,0.02377051145169985,0.9604057710948588,2
0.9318664088763973,0.051764789140249366,0.016368801983353228,0
0.6979698088327795,0.2366714105354947,0.0653587806317258,0
0.0087318200904597,0.09957337965546435,0.891694800254076,2
0.007018501460807259,0.01691740305109358,0.9760640954880992,2
0.010435192912137585,0.028492025554343103,0.9610727815335193,2
0.05428223944965125,0.19955402451242055,0.7461637360379282,2
0.9867353343267018,0.012884141987130511,0.0003805236861677054,0
0.023002597827490926,0.02311384198932098,0.953883560183188,2
0.01185524946042817,0.019526991058221376,0.9686177594813505,2
0.011135383440303865,0.027613504184246337,0.9612511123754499,2
0.7962065334855092,0.1563040810600835,0.04748938545440728,0
0.008570773796259422,0.06231283942399474,0.9291163867797458,1
0.0039124163341867566,0.008810169338962925,0.9872774143268502,2
0.024602052695899827,0.09740830163175569,0.8779896456723444,1
0.845987948810128,0.15293366833236127,0.001078382857510844,1
0.8913353380117007,0.10699170174845857,0.0016729602398406697,0
0.12866799768981724,0.31254518864267133,0.5587868136675114,2
0.8652607798520359,0.12873849839339577,0.006000721754568316,1
0.9974563591443454,0.001815137486216284,0.0007285033694382887,0
0.011564522621205399,0.04604606008511382,0.9423894172936809,2
0.0127197234947893,0.21891629501134094,0.7683639814938698,2
0.9850877371732075,0.014808295830494232,0.0001039669962981355,0
0.02461102870367742,0.04865374932602842,0.9267352219702942,2
0.8073443039926254,0.06915792173614309,0.12349777427123156,0
0.04026012806367418,0.23259349023079237,0.7271463817055335,2
0.1694216557446193,0.41005410075478377,0.4205242435005969,1
0.9555872924957747,0.043715289427687834,0.0006974180765375572,0
0.015498379593903915,0.09427780277868017,0.8902238176274159,1
0.14990586587183943,0.8223491502638328,0.02774498386432767,1
0.7597642726211027,0.05816032907395232,0.18207539830494487,2
0.01011092404224638,0.023748591373043672,0.9661404845847099,2
0.042242345763402724,0.13254714449381155,0.8252105097427858,1
0.14696948022214676,0.19037725416529236,0.6626532656125609,2
0.00656976041620097,0.026805419586987376,0.9666248199968116,2
0.06749016939747336,0.6630125829189817,0.26949724768354505,1
0.8807788410455459,0.11886623616289636,0.0003549227915577322,0
0.012211751937087763,0.0033402201535792527,0.9844480279093331,0
0.012815363205753454,0.01794471009444164,0.969239926699805,2
0.8777125038929908,0.1184895039620788,0.0037979921449303295,0
0.010258810786038195,0.010987627372716907,0.9787535618412448,2
0.008455888915856295,0.017151712004799605,0.974392399079344,2
0.9841816110563564,0.010783471194040653,0.00503491774960299,0
0.09093364168175799,0.4473432704248818,0.46172308789336014,2
0.012517655107953555,0.1339587206802007,0.8535236242118458,2
