pred_Dropout,pred_Enrolled,pred_Graduate,true
0.058333333333333334,0.3616666666666667,0.58,Graduate
0.86,0.045,0.095,Dropout
0.985,0.01,0.005,Dropout
0.9483333333333334,0.051666666666666666,0.0,Dropout
0.9858333333333333,0.014166666666666666,0.0,Dropout
0.79,0.20916666666666667,0.0008333333333333334,Dropout
0.09,0.2841666666666667,0.6258333333333334,Graduate
0.4816666666666667,0.4866666666666667,0.03166666666666667,Enrolled
0.058333333333333334,0.1925,0.7491666666666666,Dropout
0.9758333333333333,0.0225,0.0016666666666666668,Dropout
0.9783333333333334,0.0175,0.004166666666666667,Dropout
0.7383333333333333,0.07583333333333334,0.18583333333333332,Dropout
0.04666666666666667,0.26555555555555554,0.6877777777777778,Graduate
0.9275,0.06833333333333333,0.004166666666666667,Dropout
0.8433333333333334,0.15583333333333332,0.0008333333333333334,Enrolled
0.02,0.024166666666666666,0.9558333333333333,Graduate
0.9858333333333333,0.014166666666666666,0.0,Dropout
0.9175,0.060833333333333336,0.021666666666666667,Dropout
0.06583333333333333,0.1175,0.8166666666666667,Graduate
0.31666666666666665,0.41875,0.26458333333333334,Enrolled
0.0175,0.13166666666666665,0.8508333333333333,Graduate
0.285,0.495,0.22,Enrolled
0.38166666666666665,0.5725,0.04583333333333333,Dropout
0.14666666666666667,0.335,0.5183333333333333,Graduate
0.015833333333333335,0.010833333333333334,0.9733333333333334,Graduate
0.9691666666666666,0.030833333333333334,0.0,Dropout
0.9916666666666667,0.008333333333333333,0.0,Dropout
0.02666666666666667,0.156875,0.8164583333333333,Enrolled
0.15833333333333333,0.6008333333333333,0.24083333333333334,Enrolled
0.9641666666666666,0.03333333333333333,0.0025,Dropout
0.013333333333333334,0.056666666666666664,0.93,Graduate
0.03833333333333333,0.5925,0.36916666666666664,Graduate
0.20166666666666666,0.5008333333333334,0.2975,Enrolled
0.1725,0.2547222222222222,0.5727777777777777,Graduate
0.023333333333333334,0.051666666666666666,0.925,Graduate
0.9791666666666666,0.019166666666666665,0.0016666666666666668,Dropout
0.015,0.049166666666666664,0.9358333333333333,Graduate
0.06916666666666667,0.11333333333333333,0.8175,Graduate
0.9933333333333333,0.006666666666666667,0.0,Dropout
0.10833333333333334,0.5766666666666667,0.315,Enrolled
0.9991666666666666,0.0008333333333333334,0.0,Dropout
0.0625,0.16916666666666666,0.7683333333333333,Enrolled
0.025833333333333333,0.05,0.9241666666666667,Graduate
0.09916666666666667,0.3541666666666667,0.5466666666666666,Graduate
0.020833333333333332,0.03666666666666667,0.9425,Graduate
0.004166666666666667,0.0475,0.9483333333333334,Graduate
0.29083333333333333,0.20166666666666666,0.5075,Enrolled
0.0225,0.0925,0.885,Enrolled
0.9841666666666666,0.0075,0.008333333333333333,Dropout
0.18083333333333335,0.59,0.22916666666666666,Enrolled
0.17916666666666667,0.7008333333333333,0.12,Enrolled
0.005833333333333334,0.029027777777777774,0.9651388888888888,Graduate
0.12583333333333332,0.5083333333333333,0.36583333333333334,Graduate
0.05583333333333333,0.07166666666666667,0.8725,Graduate
0.0075,0.0925,0.9,Graduate
0.275,0.4625,0.2625,Enrolled
0.015,0.013333333333333334,0.9716666666666667,Graduate
0.095,0.2833333333333333,0.6216666666666667,Graduate
0.010833333333333334,0.059166666666666666,0.93,Enrolled
0.055,0.2866666666666667,0.6583333333333333,Graduate
0.14666666666666667,0.4827777777777777,0.3705555555555556,Graduate
0.9816666666666667,0.018333333333333333,0.0,Dropout
0.665,0.3025,0.0325,Dropout
0.215,0.7758333333333334,0.009166666666666667,Enrolled
0.04583333333333333,0.04416666666666667,0.91,Graduate
0.03666666666666667,0.0525,0.9108333333333334,Graduate
1.0,0.0,0.0,Dropout
0.5766666666666667,0.2875,0.13583333333333333,Enrolled
0.9958333333333333,0.0033333333333333335,0.0008333333333333334,Dropout
0.59,0.37166666666666665,0.03833333333333333,Dropout
0.0016666666666666668,0.0025,0.9958333333333333,Graduate
0.15833333333333333,0.21666666666666667,0.625,Graduate
0.016666666666666666,0.016666666666666666,0.9666666666666667,Graduate
0.13583333333333333,0.33916666666666667,0.525,Enrolled
0.04083333333333333,0.12666666666666668,0.8325,Graduate
0.16083333333333333,0.3308333333333333,0.5083333333333333,Graduate
0.12416666666666666,0.2841666666666667,0.5916666666666667,Enrolled
0.07,0.38083333333333336,0.5491666666666667,Graduate
0.03333333333333333,0.02,0.9466666666666667,Dropout
0.020833333333333332,0.02666666666666667,0.9525,Graduate
0.78,0.2175,0.0025,Dropout
0.025833333333333333,0.041666666666666664,0.9325,Graduate
0.7533333333333333,0.22583333333333333,0.020833333333333332,Dropout
0.19916666666666666,0.5025,0.29833333333333334,Graduate
0.8783333333333333,0.11833333333333333,0.0033333333333333335,Dropout
0.004166666666666667,0.013333333333333334,0.9825,Graduate
0.98,0.0175,0.0025,Dropout
0.9691666666666666,0.025,0.005833333333333334,Dropout
0.014166666666666666,0.5283333333333333,0.4575,Enrolled
0.009166666666666667,0.020833333333333332,0.97,Graduate
0.043333333333333335,0.035833333333333335,0.9208333333333333,Graduate
0.995,0.005,0.0,Dropout
0.15666666666666668,0.355,0.48833333333333334,Enrolled
0.6541666666666667,0.15833333333333333,0.1875,Dropout
0.9883333333333333,0.011666666666666667,0.0,Dropout
0.025833333333333333,0.07083333333333333,0.9033333333333333,Graduate
0.07333333333333333,0.2825,0.6441666666666667,Enrolled
0.30666666666666664,0.53,0.16333333333333333,Enrolled
0.0225,0.005833333333333334,0.9716666666666667,Graduate
0.6491666666666667,0.29083333333333333,0.06,Dropout
0.008333333333333333,0.018333333333333333,0.9733333333333334,Graduate
0.004166666666666667,0.005,0.9908333333333333,Graduate
0.09583333333333334,0.475,0.42916666666666664,Enrolled
0.8066666666666666,0.10166666666666667,0.09166666666666666,Dropout
0.13333333333333333,0.48083333333333333,0.3858333333333333,Graduate
0.03666666666666667,0.14166666666666666,0.8216666666666667,Graduate
0.53,0.4508333333333333,0.019166666666666665,Dropout
0.005,0.015833333333333335,0.9791666666666666,Graduate
0.025,0.03,0.945,Graduate
0.0775,0.3675,0.555,Enrolled
0.7133333333333334,0.26916666666666667,0.0175,Dropout
0.06583333333333333,0.1025,0.8316666666666667,Graduate
0.08083333333333333,0.19,0.7291666666666666,Enrolled
0.15666666666666668,0.8125,0.030833333333333334,Enrolled
0.07333333333333333,0.21,0.7166666666666667,Graduate
0.008333333333333333,0.0225,0.9691666666666666,Graduate
0.36666666666666664,0.21666666666666667,0.4166666666666667,Dropout
0.0025,0.018333333333333333,0.9791666666666666,Graduate
0.0016666666666666668,0.0033333333333333335,0.995,Graduate
0.15083333333333335,0.056666666666666664,0.7925,Graduate
0.6091666666666666,0.305,0.08583333333333333,Dropout
0.07833333333333334,0.06,0.8616666666666667,Graduate
0.38666666666666666,0.4691666666666667,0.14416666666666667,Enrolled
0.9241666666666667,0.0275,0.04833333333333333,Dropout
0.05333333333333334,0.07583333333333334,0.8708333333333333,Graduate
0.065,0.0425,0.8925,Graduate
0.955,0.04416666666666667,0.0008333333333333334,Dropout
0.0525,0.44166666666666665,0.5058333333333334,Enrolled
0.0033333333333333335,0.019166666666666665,0.9775,Graduate
0.0225,0.04416666666666667,0.9333333333333333,Graduate
0.058333333333333334,0.19333333333333333,0.7483333333333333,Enrolled
0.006666666666666667,0.0275,0.9658333333333333,Graduate
0.09833333333333333,0.5583333333333333,0.3433333333333333,Enrolled
0.15083333333333335,0.6283333333333333,0.22083333333333333,Graduate
0.3775,0.4666666666666667,0.15583333333333332,Dropout
0.013333333333333334,0.013333333333333334,0.9733333333333334,Graduate
0.06,0.31083333333333335,0.6291666666666667,Graduate
0.0016666666666666668,0.02666666666666667,0.9716666666666667,Graduate
0.10666666666666667,0.13416666666666666,0.7591666666666667,Graduate
0.9116666666666666,0.029166666666666667,0.059166666666666666,Dropout
0.1775,0.78,0.0425,Enrolled
0.011666666666666667,0.01,0.9783333333333334,Graduate
0.0625,0.16333333333333333,0.7741666666666667,Graduate
0.0075,0.006666666666666667,0.9858333333333333,Graduate
0.97,0.028333333333333332,0.0016666666666666668,Dropout
0.043333333333333335,0.17583333333333334,0.7808333333333334,Enrolled
0.010833333333333334,0.17333333333333334,0.8158333333333333,Graduate
0.6858333333333333,0.29583333333333334,0.018333333333333333,Dropout
0.03833333333333333,0.07833333333333334,0.8833333333333333,Graduate
0.015333333333333332,0.041666666666666664,0.943,Graduate
0.04,0.16541666666666666,0.7945833333333333,Enrolled
0.0,0.01,0.99,Graduate
0.0775,0.0575,0.865,Graduate
0.0125,0.07833333333333334,0.9091666666666667,Graduate
0.9991666666666666,0.0008333333333333334,0.0,Dropout
0.07083333333333333,0.07916666666666666,0.85,Graduate
0.07083333333333333,0.2941666666666667,0.635,Graduate
0.9066666666666666,0.09166666666666666,0.0016666666666666668,Dropout
0.025,0.101875,0.873125,Graduate
0.23916666666666667,0.48,0.2808333333333333,Enrolled
0.97,0.020833333333333332,0.009166666666666667,Dropout
0.011666666666666667,0.0016666666666666668,0.9866666666666667,Graduate
0.03666666666666667,0.135,0.8283333333333334,Graduate
0.8791666666666667,0.1075,0.013333333333333334,Enrolled
0.025,0.065,0.91,Graduate
0.44916666666666666,0.4708333333333333,0.08,Enrolled
0.04819444444444444,0.20711111111111113,0.7446944444444443,Graduate
0.08083333333333333,0.21666666666666667,0.7025,Graduate
0.008055555555555555,0.006666666666666667,0.9852777777777777,Graduate
0.07333333333333333,0.034166666666666665,0.8925,Enrolled
0.9991666666666666,0.0008333333333333334,0.0,Dropout
0.004166666666666667,0.015833333333333335,0.98,Graduate
0.006666666666666667,0.0033333333333333335,0.99,Graduate
0.15083333333333335,0.19583333333333333,0.6533333333333333,Graduate
0.08166666666666667,0.34,0.5783333333333334,Graduate
0.03833333333333333,0.051666666666666666,0.91,Graduate
0.44416666666666665,0.52,0.035833333333333335,Dropout
0.0033333333333333335,0.05416666666666667,0.9425,Graduate
0.0033333333333333335,0.0033333333333333335,0.9933333333333333,Graduate
0.0275,0.14583333333333334,0.8266666666666667,Graduate
0.985,0.014166666666666666,0.0008333333333333334,Dropout
0.24,0.6466666666666666,0.11333333333333333,Enrolled
0.07333333333333333,0.4083333333333333,0.5183333333333333,Graduate
0.020833333333333332,0.024166666666666666,0.955,Graduate
0.7325,0.24416666666666667,0.023333333333333334,Enrolled
0.065,0.2733333333333333,0.6616666666666666,Graduate
0.0775,0.36333333333333334,0.5591666666666667,Enrolled
0.2775,0.5466666666666666,0.17583333333333334,Enrolled
0.0325,0.175,0.7925,Graduate
0.3475,0.6266666666666667,0.025833333333333333,Enrolled
0.035833333333333335,0.12333333333333334,0.8408333333333333,Graduate
0.025833333333333333,0.041666666666666664,0.9325,Graduate
0.008333333333333333,0.0175,0.9741666666666666,Graduate
0.05,0.08916666666666667,0.8608333333333333,Graduate
0.0,0.0175,0.9825,Graduate
0.225,0.5283333333333333,0.24666666666666667,Dropout
0.014166666666666666,0.04583333333333333,0.94,Graduate
0.0925,0.0525,0.855,Graduate
0.8925,0.095,0.0125,Dropout
0.0125,0.0,0.9875,Graduate
0.06666666666666667,0.15916666666666668,0.7741666666666667,Graduate
0.006666666666666667,0.0075,0.9858333333333333,Graduate
0.09583333333333334,0.5,0.4041666666666667,Graduate
0.8766666666666667,0.1,0.023333333333333334,Dropout
0.9091666666666667,0.09,0.0008333333333333334,Dropout
0.05583333333333333,0.04583333333333333,0.8983333333333333,Graduate
0.16333333333333333,0.73,0.10666666666666667,Dropout
0.8108333333333333,0.13583333333333333,0.05333333333333334,Dropout
0.9966666666666667,0.0025,0.0008333333333333334,Dropout
0.195,0.475,0.33,Graduate
0.0075,0.030833333333333334,0.9616666666666667,Graduate
0.9975,0.0025,0.0,Dropout
0.66,0.3258333333333333,0.014166666666666666,Enrolled
0.0075,0.13333333333333333,0.8591666666666666,Graduate
0.1275,0.37583333333333335,0.49666666666666665,Graduate
0.008333333333333333,0.006666666666666667,0.985,Graduate
0.0025,0.015,0.9825,Graduate
0.9058333333333334,0.0775,0.016666666666666666,Dropout
0.055,0.051666666666666666,0.8933333333333333,Graduate
0.01,0.0016666666666666668,0.9883333333333333,Graduate
0.13666666666666666,0.7275,0.13583333333333333,Graduate
0.8308333333333333,0.11,0.059166666666666666,Dropout
0.8708333333333333,0.12083333333333333,0.008333333333333333,Dropout
0.045,0.18166666666666667,0.7733333333333333,Graduate
0.01,0.041666666666666664,0.9483333333333334,Graduate
0.45416666666666666,0.4716666666666667,0.07416666666666667,Dropout
0.9266666666666666,0.07333333333333333,0.0,Dropout
0.019166666666666665,0.029166666666666667,0.9516666666666667,Graduate
0.05,0.07166666666666667,0.8783333333333333,Graduate
0.7975,0.05583333333333333,0.14666666666666667,Dropout
0.9808333333333333,0.018333333333333333,0.0008333333333333334,Dropout
0.17916666666666667,0.4425,0.37833333333333335,Graduate
0.3425,0.3383333333333333,0.31916666666666665,Graduate
0.9483333333333334,0.050833333333333335,0.0008333333333333334,Dropout
0.09083333333333334,0.13833333333333334,0.7708333333333334,Graduate
0.555,0.23166666666666666,0.21333333333333335,Enrolled
0.049166666666666664,0.1125,0.8383333333333334,Graduate
0.04,0.1125,0.8475,Graduate
0.0016666666666666668,0.0033333333333333335,0.995,Graduate
0.175,0.435,0.39,Dropout
0.945,0.020833333333333332,0.034166666666666665,Dropout
0.011791666666666667,0.005,0.9832083333333335,Graduate
0.08166666666666667,0.305,0.6133333333333333,Graduate
0.0125,0.014166666666666666,0.9733333333333334,Graduate
0.043333333333333335,0.04083333333333333,0.9158333333333334,Graduate
0.0825,0.5,0.4175,Graduate
0.005833333333333334,0.0175,0.9766666666666667,Graduate
0.9775,0.0225,0.0,Dropout
0.014166666666666666,0.05333333333333334,0.9325,Enrolled
0.1425,0.7016666666666667,0.15583333333333332,Enrolled
0.22666666666666666,0.67,0.10333333333333333,Enrolled
0.0675,0.14583333333333334,0.7866666666666666,Graduate
0.01461111111111111,0.016666666666666666,0.9687222222222223,Graduate
0.15166666666666667,0.7,0.14833333333333334,Enrolled
0.41833333333333333,0.5216666666666666,0.06,Dropout
0.09333333333333334,0.18833333333333332,0.7183333333333334,Dropout
0.12916666666666668,0.48,0.3908333333333333,Enrolled
0.02666666666666667,0.8241666666666667,0.14916666666666667,Enrolled
0.09791666666666667,0.06333333333333334,0.83875,Graduate
0.016666666666666666,0.1,0.8833333333333333,Graduate
0.02666666666666667,0.7891666666666667,0.18416666666666667,Enrolled
0.26416666666666666,0.5108333333333334,0.225,Enrolled
0.0275,0.06833333333333333,0.9041666666666667,Graduate
0.8558333333333333,0.13833333333333334,0.005833333333333334,Dropout
0.10166666666666667,0.25,0.6483333333333333,Enrolled
0.07416666666666667,0.6783333333333333,0.2475,Graduate
0.17416666666666666,0.20083333333333334,0.625,Graduate
0.06583333333333333,0.22666666666666666,0.7075,Enrolled
0.9791666666666666,0.02,0.0008333333333333334,Dropout
0.985,0.014166666666666666,0.0008333333333333334,Dropout
0.9566666666666667,0.041666666666666664,0.0016666666666666668,Enrolled
0.8883333333333333,0.08916666666666667,0.0225,Dropout
0.16666666666666666,0.6783333333333333,0.155,Enrolled
0.0575,0.295,0.6475,Graduate
0.04666666666666667,0.255,0.6983333333333334,Graduate
0.004166666666666667,0.010833333333333334,0.985,Graduate
0.9916666666666667,0.006666666666666667,0.0016666666666666668,Dropout
0.17166666666666666,0.6275,0.20083333333333334,Enrolled
0.043333333333333335,0.06166666666666667,0.895,Graduate
0.09833333333333333,0.21583333333333332,0.6858333333333333,Graduate
0.9975,0.0025,0.0,Dropout
0.773888888888889,0.06666666666666667,0.15944444444444442,Dropout
0.89,0.10916666666666666,0.0008333333333333334,Dropout
0.056666666666666664,0.13833333333333334,0.805,Enrolled
0.020833333333333332,0.04666666666666667,0.9325,Graduate
0.0,0.011666666666666667,0.9883333333333333,Graduate
0.3458333333333333,0.425,0.22916666666666666,Dropout
0.009166666666666667,0.009166666666666667,0.9816666666666667,Graduate
0.9925,0.005,0.0025,Dropout
0.065,0.1975,0.7375,Graduate
0.06416666666666666,0.12,0.8158333333333333,Graduate
0.021666666666666667,0.7791666666666667,0.19916666666666666,Graduate
0.058333333333333334,0.043333333333333335,0.8983333333333333,Graduate
0.0375,0.07166666666666667,0.8908333333333334,Graduate
0.08333333333333333,0.3416666666666667,0.575,Graduate
0.9741666666666666,0.025833333333333333,0.0,Dropout
0.02666666666666667,0.020833333333333332,0.9525,Graduate
0.006666666666666667,0.06916666666666667,0.9241666666666667,Graduate
0.9683333333333334,0.029166666666666667,0.0025,Dropout
0.011666666666666667,0.01,0.9783333333333334,Graduate
1.0,0.0,0.0,Dropout
0.020833333333333332,0.006666666666666667,0.9725,Dropout
0.8875,0.11083333333333334,0.0016666666666666668,Dropout
0.30833333333333335,0.4716666666666667,0.22,Dropout
0.9975,0.0025,0.0,Dropout
0.5391666666666667,0.4241666666666667,0.03666666666666667,Dropout
0.06,0.13666666666666666,0.8033333333333333,Graduate
0.13166666666666665,0.7675,0.10083333333333333,Enrolled
0.985,0.011666666666666667,0.0033333333333333335,Dropout
0.029166666666666667,0.6591666666666667,0.31166666666666665,Enrolled
0.015833333333333335,0.08833333333333333,0.8958333333333334,Graduate
0.06833333333333333,0.325,0.6066666666666667,Enrolled
0.0033333333333333335,0.014166666666666666,0.9825,Graduate
0.105,0.4508333333333333,0.44416666666666665,Enrolled
0.0575,0.023333333333333334,0.9191666666666667,Graduate
0.36916666666666664,0.225,0.4058333333333333,Enrolled
0.09166666666666666,0.4,0.5083333333333333,Enrolled
0.12166666666666667,0.38083333333333336,0.4975,Graduate
0.18083333333333335,0.39416666666666667,0.425,Enrolled
0.04,0.008333333333333333,0.9516666666666667,Graduate
0.205,0.5316666666666666,0.2633333333333333,Enrolled
0.05333333333333334,0.0475,0.8991666666666667,Graduate
0.09166666666666666,0.16583333333333333,0.7425,Graduate
0.9533333333333334,0.045,0.0016666666666666668,Dropout
0.27166666666666667,0.6533333333333333,0.075,Enrolled
0.0033333333333333335,0.01,0.9866666666666667,Graduate
0.9733333333333334,0.025833333333333333,0.0008333333333333334,Enrolled
0.09166666666666666,0.2025,0.7058333333333333,Dropout
1.0,0.0,0.0,Dropout
0.275,0.4716666666666667,0.25333333333333335,Enrolled
0.15916666666666668,0.18055555555555555,0.6602777777777779,Enrolled
0.1688888888888889,0.37972222222222224,0.45138888888888895,Graduate
0.20916666666666667,0.15,0.6408333333333334,Graduate
0.02666666666666667,0.09,0.8833333333333333,Graduate
0.013333333333333334,0.0125,0.9741666666666666,Graduate
0.985,0.015,0.0,Dropout
0.9741666666666666,0.020833333333333332,0.005,Dropout
0.056666666666666664,0.07083333333333333,0.8725,Graduate
0.0175,0.004166666666666667,0.9783333333333334,Graduate
0.9366666666666666,0.06333333333333334,0.0,Dropout
0.115,0.28,0.605,Enrolled
0.9941666666666666,0.005833333333333334,0.0,Dropout
0.67,0.18666666666666668,0.14333333333333334,Graduate
0.09833333333333333,0.5955,0.30616666666666664,Enrolled
0.0033333333333333335,0.03833333333333333,0.9583333333333334,Graduate
0.9966666666666667,0.0025,0.0008333333333333334,Dropout
0.015,0.0375,0.9475,Graduate
0.11916666666666667,0.53,0.35083333333333333,Enrolled
0.12583333333333332,0.25833333333333336,0.6158333333333333,Graduate
0.06416666666666666,0.023333333333333334,0.9125,Graduate
0.17666666666666667,0.43833333333333335,0.385,Graduate
0.01,0.01,0.98,Graduate
0.965,0.03333333333333333,0.0016666666666666668,Dropout
0.9941666666666666,0.004166666666666667,0.0016666666666666668,Dropout
0.26166666666666666,0.5591666666666667,0.17916666666666667,Enrolled
0.005833333333333334,0.023541666666666666,0.970625,Graduate
0.010833333333333334,0.015833333333333335,0.9733333333333334,Graduate
0.0025,0.07666666666666666,0.9208333333333333,Graduate
0.09,0.15416666666666667,0.7558333333333334,Graduate
0.985,0.011666666666666667,0.0033333333333333335,Dropout
0.010833333333333334,0.029166666666666667,0.96,Graduate
0.0275,0.08180555555555556,0.8906944444444446,Graduate
0.0125,0.08416666666666667,0.9033333333333333,Graduate
0.05,0.021666666666666667,0.9283333333333333,Graduate
0.016666666666666666,0.020833333333333332,0.9625,Graduate
0.7983333333333333,0.058333333333333334,0.14333333333333334,Dropout
1.0,0.0,0.0,Dropout
0.9883333333333333,0.01,0.0016666666666666668,Dropout
0.025833333333333333,0.0375,0.9366666666666666,Graduate
0.985,0.015,0.0,Dropout
0.03916666666666667,0.14083333333333334,0.82,Graduate
0.16416666666666666,0.3625,0.47333333333333333,Enrolled
0.6906944444444445,0.08416666666666667,0.22513888888888886,Dropout
0.3425,0.5533333333333333,0.10416666666666667,Enrolled
0.9483333333333334,0.045,0.006666666666666667,Dropout
0.07666666666666666,0.27,0.6533333333333333,Graduate
0.9166666666666666,0.0825,0.0008333333333333334,Dropout
0.8083333333333333,0.17666666666666667,0.015,Dropout
0.008333333333333333,0.028333333333333332,0.9633333333333334,Graduate
0.18916666666666668,0.6391666666666667,0.17166666666666666,Enrolled
0.9291666666666667,0.07,0.0008333333333333334,Dropout
0.06166666666666667,0.43416666666666665,0.5041666666666667,Enrolled
0.0875,0.3275,0.585,Graduate
0.995,0.0033333333333333335,0.0016666666666666668,Dropout
0.034166666666666665,0.1725,0.7933333333333333,Graduate
0.041666666666666664,0.06583333333333333,0.8925,Graduate
0.19833333333333333,0.7020833333333333,0.09958333333333333,Enrolled
0.08,0.33416666666666667,0.5858333333333333,Enrolled
0.041666666666666664,0.0375,0.9208333333333333,Graduate
0.10583333333333333,0.3725,0.5216666666666666,Dropout
0.9691666666666666,0.029166666666666667,0.0016666666666666668,Dropout
0.04083333333333333,0.12,0.8391666666666666,Enrolled
0.5291666666666667,0.42583333333333334,0.045,Dropout
0.17583333333333334,0.14666666666666667,0.6775,Graduate
0.08583333333333333,0.17,0.7441666666666666,Dropout
0.004166666666666667,0.06916666666666667,0.9266666666666666,Graduate
0.8616666666666667,0.025833333333333333,0.1125,Enrolled
0.08983333333333333,0.1475,0.7626666666666667,Graduate
0.015833333333333335,0.008333333333333333,0.9758333333333333,Dropout
0.014166666666666666,0.0975,0.8883333333333333,Graduate
0.285,0.69,0.025,Enrolled
1.0,0.0,0.0,Dropout
0.9441666666666667,0.055,0.0008333333333333334,Dropout
0.03833333333333333,0.09916666666666667,0.8625,Graduate
0.0425,0.05416666666666667,0.9033333333333333,Graduate
0.011111111111111112,0.008333333333333333,0.9805555555555554,Graduate
0.01375,0.021666666666666667,0.9645833333333333,Graduate
0.20333333333333334,0.2916666666666667,0.505,Graduate
0.005833333333333334,0.014166666666666666,0.98,Graduate
0.016666666666666666,0.014166666666666666,0.9691666666666666,Graduate
0.9966666666666667,0.0025,0.0008333333333333334,Dropout
0.04833333333333333,0.03833333333333333,0.9133333333333333,Graduate
0.78,0.16666666666666666,0.05333333333333334,Graduate
0.6658333333333334,0.0375,0.2966666666666667,Dropout
0.06916666666666667,0.06916666666666667,0.8616666666666667,Graduate
0.885,0.115,0.0,Dropout
0.0075,0.0675,0.925,Graduate
0.0175,0.02666666666666667,0.9558333333333333,Graduate
0.06416666666666666,0.6625,0.2733333333333333,Graduate
0.004166666666666667,0.005,0.9908333333333333,Graduate
0.06166666666666667,0.1925,0.7458333333333333,Graduate
0.1275,0.25416666666666665,0.6183333333333333,Graduate
0.04666666666666667,0.35125,0.6020833333333333,Graduate
0.023333333333333334,0.0625,0.9141666666666667,Graduate
0.83,0.15833333333333333,0.011666666666666667,Dropout
0.11333333333333333,0.18833333333333332,0.6983333333333334,Graduate
0.09833333333333333,0.665,0.23666666666666666,Enrolled
0.16,0.7141666666666666,0.12583333333333332,Dropout
0.9625,0.03,0.0075,Dropout
0.4825,0.12583333333333332,0.39166666666666666,Dropout
0.018333333333333333,0.015,0.9666666666666667,Dropout
0.020833333333333332,0.0625,0.9166666666666666,Graduate
0.9258333333333333,0.07416666666666667,0.0,Dropout
0.05416666666666667,0.3333333333333333,0.6125,Graduate
0.9483333333333334,0.03916666666666667,0.0125,Dropout
0.9908333333333333,0.006666666666666667,0.0025,Dropout
0.9533333333333334,0.028333333333333332,0.018333333333333333,Dropout
0.9116666666666666,0.0875,0.0008333333333333334,Dropout
0.41833333333333333,0.1525,0.42916666666666664,Graduate
0.0275,0.2075,0.765,Graduate
0.04583333333333333,0.24083333333333334,0.7133333333333334,Graduate
0.5691666666666667,0.155,0.2758333333333333,Enrolled
0.10333333333333333,0.22333333333333333,0.6733333333333333,Graduate
0.29583333333333334,0.65,0.05416666666666667,Dropout
0.15416666666666667,0.4241666666666667,0.4216666666666667,Enrolled
0.16,0.30416666666666664,0.5358333333333334,Enrolled
0.8891666666666667,0.105,0.005833333333333334,Dropout
0.08,0.07083333333333333,0.8491666666666666,Graduate
0.006666666666666667,0.011666666666666667,0.9816666666666667,Graduate
0.3775,0.6208333333333333,0.0016666666666666668,Dropout
0.5933333333333334,0.025,0.38166666666666665,Graduate
0.9841666666666666,0.015833333333333335,0.0,Dropout
0.09416666666666666,0.27,0.6358333333333334,Graduate
0.21,0.665,0.125,Dropout
0.22333333333333333,0.12416666666666666,0.6525,Graduate
0.9958333333333333,0.004166666666666667,0.0,Dropout
0.9158333333333334,0.08333333333333333,0.0008333333333333334,Dropout
0.22916666666666666,0.745,0.025833333333333333,Enrolled
0.9775,0.016666666666666666,0.005833333333333334,Dropout
0.03833333333333333,0.11916666666666667,0.8425,Dropout
0.17666666666666667,0.7791666666666667,0.04416666666666667,Enrolled
0.9708333333333333,0.029166666666666667,0.0,Dropout
0.041666666666666664,0.08416666666666667,0.8741666666666666,Graduate
0.6216666666666667,0.3725,0.005833333333333334,Enrolled
0.9325,0.065,0.0025,Dropout
0.3383333333333333,0.6008333333333333,0.060833333333333336,Enrolled
0.7008333333333333,0.19083333333333333,0.10833333333333334,Dropout
0.023333333333333334,0.10083333333333333,0.8758333333333334,Graduate
0.0033333333333333335,0.01,0.9866666666666667,Graduate
0.15583333333333332,0.685,0.15916666666666668,Graduate
0.060833333333333336,0.28583333333333333,0.6533333333333333,Graduate
0.18916666666666668,0.4397222222222222,0.3711111111111111,Enrolled
0.9833333333333333,0.016666666666666666,0.0,Dropout
0.029166666666666667,0.02666666666666667,0.9441666666666667,Graduate
0.9791666666666666,0.020833333333333332,0.0,Dropout
0.18,0.5283333333333333,0.2916666666666667,Dropout
0.7325,0.25833333333333336,0.009166666666666667,Enrolled
0.004166666666666667,0.015,0.9808333333333333,Graduate
0.016666666666666666,0.18416666666666667,0.7991666666666667,Graduate
0.9933333333333333,0.005,0.0016666666666666668,Dropout
0.16166666666666665,0.82,0.018333333333333333,Enrolled
0.11416666666666667,0.05333333333333334,0.8325,Graduate
0.9941666666666666,0.005833333333333334,0.0,Dropout
0.0925,0.24166666666666667,0.6658333333333334,Graduate
0.04833333333333333,0.1725,0.7791666666666667,Graduate
0.014166666666666666,0.030833333333333334,0.955,Graduate
0.37083333333333335,0.5633333333333334,0.06583333333333333,Graduate
0.9591666666666666,0.04,0.0008333333333333334,Dropout
0.14833333333333334,0.6541666666666667,0.1975,Enrolled
0.0275,0.12,0.8525,Enrolled
0.9483333333333334,0.051666666666666666,0.0,Dropout
0.9625,0.014166666666666666,0.023333333333333334,Dropout
0.97,0.028333333333333332,0.0016666666666666668,Dropout
0.0875,0.18166666666666667,0.7308333333333333,Graduate
0.006666666666666667,0.0125,0.9808333333333333,Graduate
0.041666666666666664,0.11166666666666666,0.8466666666666667,Graduate
0.049166666666666664,0.2966666666666667,0.6541666666666667,Graduate
0.010833333333333334,0.02,0.9691666666666666,Graduate
0.02,0.055,0.925,Graduate
0.8116666666666666,0.10333333333333333,0.085,Enrolled
0.8,0.13,0.07,Dropout
0.0575,0.07916666666666666,0.8633333333333333,Graduate
0.3675,0.5591666666666667,0.07333333333333333,Enrolled
0.0525,0.1775,0.77,Graduate
0.0,0.0,1.0,Graduate
0.024166666666666666,0.23083333333333333,0.745,Graduate
0.09333333333333334,0.30666666666666664,0.6,Graduate
0.9975,0.0025,0.0,Dropout
0.09583333333333334,0.165,0.7391666666666666,Graduate
0.9516666666666667,0.045,0.0033333333333333335,Dropout
0.0025,0.0275,0.97,Graduate
0.018333333333333333,0.0025,0.9791666666666666,Dropout
0.7925,0.1925,0.015,Dropout
0.9108333333333334,0.0875,0.0016666666666666668,Dropout
0.08416666666666667,0.135,0.7808333333333334,Graduate
0.04583333333333333,0.1725,0.7816666666666666,Graduate
0.9758333333333333,0.008333333333333333,0.015833333333333335,Dropout
0.9908333333333333,0.005,0.004166666666666667,Dropout
0.041666666666666664,0.135,0.8233333333333334,Graduate
0.2941666666666667,0.5416666666666666,0.16416666666666666,Enrolled
0.006666666666666667,0.05,0.9433333333333334,Graduate
0.9316666666666666,0.059166666666666666,0.009166666666666667,Dropout
0.014166666666666666,0.03166666666666667,0.9541666666666667,Graduate
0.05416666666666667,0.1525,0.7933333333333333,Graduate
0.051458333333333335,0.0825,0.8660416666666667,Graduate
0.9633333333333334,0.03333333333333333,0.0033333333333333335,Dropout
0.0325,0.03333333333333333,0.9341666666666667,Graduate
0.9958333333333333,0.0033333333333333335,0.0008333333333333334,Dropout
0.011666666666666667,0.05,0.9383333333333334,Graduate
0.12,0.33166666666666667,0.5483333333333333,Graduate
0.018333333333333333,0.10916666666666666,0.8725,Graduate
0.995,0.0025,0.0025,Dropout
0.0975,0.7791666666666667,0.12333333333333334,Enrolled
0.11916666666666667,0.7941666666666667,0.08666666666666667,Enrolled
0.8083333333333333,0.025,0.16666666666666666,Dropout
0.026013888888888892,0.0275,0.9464861111111111,Graduate
0.051666666666666666,0.2775,0.6708333333333333,Graduate
0.7758333333333334,0.06416666666666666,0.16,Dropout
1.0,0.0,0.0,Dropout
0.008333333333333333,0.0175,0.9741666666666666,Graduate
0.06,0.06416666666666666,0.8758333333333334,Graduate
0.0925,0.32555555555555554,0.5819444444444444,Graduate
0.03166666666666667,0.034166666666666665,0.9341666666666667,Graduate
0.9741666666666666,0.025833333333333333,0.0,Dropout
0.0008333333333333334,0.011666666666666667,0.9875,Graduate
0.49083333333333334,0.2625,0.24666666666666667,Graduate
0.006333333333333333,0.035833333333333335,0.9578333333333334,Graduate
0.065,0.11083333333333334,0.8241666666666667,Enrolled
0.05,0.29,0.66,Graduate
0.0325,0.005833333333333334,0.9616666666666667,Graduate
0.9216666666666666,0.0275,0.050833333333333335,Dropout
0.051666666666666666,0.245,0.7033333333333334,Enrolled
0.8391666666666666,0.13416666666666666,0.02666666666666667,Enrolled
0.37916666666666665,0.5091666666666667,0.11166666666666666,Graduate
0.2025,0.7541666666666667,0.043333333333333335,Enrolled
0.7208333333333333,0.2658333333333333,0.013333333333333334,Dropout
0.9975,0.0016666666666666668,0.0008333333333333334,Dropout
0.03166666666666667,0.08,0.8883333333333333,Graduate
0.9141666666666667,0.08583333333333333,0.0,Dropout
0.9741666666666666,0.025833333333333333,0.0,Dropout
0.019166666666666665,0.06666666666666667,0.9141666666666667,Graduate
0.78,0.07,0.15,Dropout
0.0075,0.0008333333333333334,0.9916666666666667,Graduate
0.8083333333333333,0.18416666666666667,0.0075,Dropout
0.995,0.005,0.0,Dropout
0.03770833333333334,0.09083333333333334,0.8714583333333333,Graduate
0.9783333333333334,0.01,0.011666666666666667,Dropout
0.045,0.08916666666666667,0.8658333333333333,Graduate
0.5975,0.31916666666666665,0.08333333333333333,Dropout
0.9683333333333334,0.03166666666666667,0.0,Dropout
0.19333333333333333,0.30916666666666665,0.4975,Graduate
0.9975,0.0025,0.0,Dropout
0.019166666666666665,0.09416666666666666,0.8866666666666667,Dropout
0.9941666666666666,0.005,0.0008333333333333334,Dropout
0.1225,0.35291666666666666,0.5245833333333333,Graduate
0.0325,0.20833333333333334,0.7591666666666667,Dropout
0.975,0.025,0.0,Dropout
0.13083333333333333,0.11083333333333334,0.7583333333333333,Graduate
0.165,0.5866666666666667,0.24833333333333332,Graduate
0.041666666666666664,0.07666666666666666,0.8816666666666667,Graduate
0.09097222222222223,0.1675,0.7415277777777778,Graduate
0.0225,0.015833333333333335,0.9616666666666667,Graduate
0.37666666666666665,0.49916666666666665,0.12416666666666666,Enrolled
0.9975,0.0025,0.0,Dropout
0.06666666666666667,0.7866666666666666,0.14666666666666667,Enrolled
0.03333333333333333,0.0075,0.9591666666666666,Graduate
0.19083333333333333,0.6425,0.16666666666666666,Dropout
0.97,0.03,0.0,Dropout
0.2891666666666667,0.17,0.5408333333333334,Enrolled
0.02,0.014166666666666666,0.9658333333333333,Graduate
0.9491666666666667,0.050833333333333335,0.0,Dropout
0.015,0.006666666666666667,0.9783333333333334,Graduate
0.0075,0.10083333333333333,0.8916666666666667,Graduate
0.9433333333333334,0.049166666666666664,0.0075,Dropout
0.9741666666666666,0.025833333333333333,0.0,Dropout
0.0025,0.005833333333333334,0.9916666666666667,Graduate
0.049166666666666664,0.025833333333333333,0.925,Graduate
0.35,0.09583333333333334,0.5541666666666667,Dropout
0.060833333333333336,0.09666666666666666,0.8425,Graduate
0.22333333333333333,0.6208333333333333,0.15583333333333332,Enrolled
0.23833333333333334,0.6975,0.06416666666666666,Dropout
0.0,0.008333333333333333,0.9916666666666667,Graduate
0.043333333333333335,0.0375,0.9191666666666667,Graduate
0.9875,0.01,0.0025,Dropout
0.79,0.12083333333333333,0.08916666666666667,Dropout
0.015,0.155,0.83,Graduate
0.006666666666666667,0.04416666666666667,0.9491666666666667,Graduate
0.009166666666666667,0.028333333333333332,0.9625,Graduate
0.10166666666666667,0.23083333333333333,0.6675,Graduate
0.9508333333333333,0.0475,0.0016666666666666668,Dropout
0.06833333333333333,0.04416666666666667,0.8875,Graduate
0.005,0.0225,0.9725,Graduate
0.0425,0.0525,0.905,Graduate
0.525,0.325,0.15,Dropout
0.04,0.056666666666666664,0.9033333333333333,Enrolled
0.006666666666666667,0.005,0.9883333333333333,Graduate
0.004166666666666667,0.04583333333333333,0.95,Enrolled
0.6075,0.39,0.0025,Enrolled
0.84,0.15416666666666667,0.005833333333333334,Dropout
0.10333333333333333,0.31583333333333335,0.5808333333333333,Graduate
0.7533333333333333,0.2375,0.009166666666666667,Enrolled
0.995,0.0,0.005,Dropout
0.006666666666666667,0.07,0.9233333333333333,Graduate
0.0225,0.15916666666666668,0.8183333333333334,Graduate
0.9741666666666666,0.025833333333333333,0.0,Dropout
0.004166666666666667,0.0175,0.9783333333333334,Graduate
0.8991666666666667,0.03666666666666667,0.06416666666666666,Dropout
0.05333333333333334,0.265,0.6816666666666666,Graduate
0.22416666666666665,0.3441666666666667,0.43166666666666664,Enrolled
0.9708333333333333,0.025833333333333333,0.0033333333333333335,Dropout
0.09333333333333334,0.2608333333333333,0.6458333333333334,Enrolled
0.165,0.8125,0.0225,Enrolled
0.7533333333333333,0.05,0.19666666666666666,Graduate
0.015,0.0175,0.9675,Graduate
0.045,0.19833333333333333,0.7566666666666667,Enrolled
0.18166666666666667,0.355,0.4633333333333333,Graduate
0.043333333333333335,0.12,0.8366666666666667,Graduate
0.11083333333333334,0.5941666666666666,0.295,Enrolled
0.8683333333333333,0.13,0.0016666666666666668,Dropout
0.0025,0.004166666666666667,0.9933333333333333,Dropout
0.0033333333333333335,0.009166666666666667,0.9875,Graduate
0.8866666666666667,0.11083333333333334,0.0025,Dropout
0.004166666666666667,0.0275,0.9683333333333334,Graduate
0.013333333333333334,0.004166666666666667,0.9825,Graduate
0.99,0.01,0.0,Dropout
0.16833333333333333,0.35333333333333333,0.47833333333333333,Graduate
0.034166666666666665,0.2275,0.7383333333333333,Graduate
0.49083333333333334,0.485,0.024166666666666666,Dropout
0.02,0.015833333333333335,0.9641666666666666,Graduate
0.01,0.009166666666666667,0.9808333333333333,Graduate
0.6508333333333334,0.3016666666666667,0.0475,Dropout
0.9691666666666666,0.03,0.0008333333333333334,Dropout
0.8516666666666667,0.14166666666666666,0.006666666666666667,Dropout
0.22166666666666668,0.2075,0.5708333333333333,Dropout
0.03,0.20833333333333334,0.7616666666666667,Graduate
0.9858333333333333,0.014166666666666666,0.0,Dropout
0.9958333333333333,0.004166666666666667,0.0,Dropout
0.8875,0.09416666666666666,0.018333333333333333,Graduate
0.0125,0.10416666666666667,0.8833333333333333,Graduate
0.43583333333333335,0.5416666666666666,0.0225,Dropout
0.16583333333333333,0.19916666666666666,0.635,Graduate
0.9425,0.0375,0.02,Dropout
0.025,0.03916666666666667,0.9358333333333333,Graduate
0.8208333333333333,0.1775,0.0016666666666666668,Dropout
0.24416666666666667,0.10416666666666667,0.6516666666666666,Graduate
0.8991666666666667,0.0975,0.0033333333333333335,Dropout
0.07916666666666666,0.20416666666666666,0.7166666666666667,Graduate
0.13458333333333333,0.125,0.7404166666666666,Graduate
0.24416666666666667,0.69,0.06583333333333333,Enrolled
0.9716666666666667,0.025,0.0033333333333333335,Dropout
0.39,0.5233333333333333,0.08666666666666667,Enrolled
0.6816666666666666,0.2916666666666667,0.02666666666666667,Enrolled
0.32083333333333336,0.3179166666666667,0.36125,Graduate
0.8941666666666667,0.006666666666666667,0.09916666666666667,Dropout
0.09166666666666666,0.7933333333333333,0.115,Enrolled
0.085,0.4608333333333333,0.45416666666666666,Graduate
0.5566666666666666,0.4266666666666667,0.016666666666666666,Enrolled
0.024166666666666666,0.08166666666666667,0.8941666666666667,Graduate
0.07166666666666667,0.305,0.6233333333333333,Graduate
0.004166666666666667,0.0525,0.9433333333333334,Graduate
0.455,0.5383333333333333,0.006666666666666667,Dropout
0.009166666666666667,0.004166666666666667,0.9866666666666667,Graduate
0.31083333333333335,0.5141666666666667,0.175,Enrolled
0.12833333333333333,0.043333333333333335,0.8283333333333334,Graduate
0.9175,0.08166666666666667,0.0008333333333333334,Dropout
0.9658333333333333,0.030833333333333334,0.0033333333333333335,Dropout
0.1825,0.62,0.1975,Enrolled
0.915,0.0825,0.0025,Dropout
0.0625,0.045,0.8925,Graduate
0.0033333333333333335,0.016666666666666666,0.98,Graduate
0.27166666666666667,0.42083333333333334,0.3075,Dropout
0.0175,0.5216666666666666,0.4608333333333333,Graduate
0.006666666666666667,0.05583333333333333,0.9375,Graduate
0.35,0.47833333333333333,0.17166666666666666,Dropout
0.5366666666666666,0.43333333333333335,0.03,Enrolled
0.2633333333333333,0.615,0.12166666666666667,Dropout
0.17166666666666666,0.6491666666666667,0.17916666666666667,Graduate
0.935,0.05416666666666667,0.010833333333333334,Enrolled
0.9408333333333333,0.0525,0.006666666666666667,Dropout
0.995,0.0033333333333333335,0.0016666666666666668,Dropout
0.8583333333333333,0.13666666666666666,0.005,Dropout
0.024166666666666666,0.06833333333333333,0.9075,Graduate
0.0075,0.005833333333333334,0.9866666666666667,Graduate
0.010833333333333334,0.026944444444444448,0.9622222222222221,Graduate
0.008333333333333333,0.006666666666666667,0.985,Dropout
0.10416666666666667,0.3541666666666667,0.5416666666666666,Graduate
0.010833333333333334,0.0225,0.9666666666666667,Graduate
0.9633333333333334,0.030833333333333334,0.005833333333333334,Enrolled
0.1975,0.4083333333333333,0.39416666666666667,Dropout
0.6808333333333333,0.07,0.24916666666666668,Dropout
0.035,0.07916666666666666,0.8858333333333334,Graduate
0.015,0.0075,0.9775,Graduate
0.023333333333333334,0.035833333333333335,0.9408333333333333,Graduate
0.45666666666666667,0.34958333333333336,0.19375,Enrolled
0.14083333333333334,0.6075,0.25166666666666665,Graduate
0.9416666666666667,0.005833333333333334,0.0525,Dropout
0.013333333333333334,0.016666666666666666,0.97,Graduate
0.004166666666666667,0.0,0.9958333333333333,Graduate
0.2916666666666667,0.57,0.13833333333333334,Enrolled
0.0225,0.1,0.8775,Graduate
0.012916666666666667,0.01,0.9770833333333333,Graduate
0.105,0.7541666666666667,0.14083333333333334,Dropout
0.07083333333333333,0.4266666666666667,0.5025,Graduate
0.013333333333333334,0.005,0.9816666666666667,Graduate
0.008333333333333333,0.035,0.9566666666666667,Graduate
0.91,0.08833333333333333,0.0016666666666666668,Dropout
0.025,0.20416666666666666,0.7708333333333334,Graduate
0.05416666666666667,0.42,0.5258333333333334,Dropout
0.1775,0.725,0.0975,Graduate
0.5533333333333333,0.155,0.2916666666666667,Dropout
0.0025,0.0325,0.965,Graduate
0.006666666666666667,0.010833333333333334,0.9825,Graduate
0.8383333333333334,0.15916666666666668,0.0025,Dropout
0.9141666666666667,0.08,0.005833333333333334,Dropout
0.0016666666666666668,0.011666666666666667,0.9866666666666667,Graduate
0.83,0.15916666666666668,0.010833333333333334,Dropout
