pred_Enrolled,pred_Graduate,pred_Dropout,true
0.005968045555120943,0.00021589788840704557,0.993816056556472,Dropout
0.04373618601123848,0.09875932481888709,0.8575044891698744,Dropout
0.6184091857663777,0.05019372229922301,0.3313970919343993,Dropout
0.3171814343836926,0.5936193751452427,0.08919919047106473,Graduate
0.01748476199296192,0.9380246489184938,0.044490589088544356,Graduate
0.038451005495618786,0.844831129376278,0.11671786512810309,Graduate
0.07347463042322704,0.2604389248611475,0.6660864447156254,Graduate
0.050525624937736914,0.8540323107641113,0.09544206429815177,Graduate
0.0078086221513493925,0.0026618199480045505,0.989529557900646,Dropout
0.00974012692845105,0.00232663845103262,0.9879332346205163,Dropout
0.007339083989016781,0.00046782746702864013,0.9921930885439546,Dropout
0.004545128647935748,0.002847930605310109,0.9926069407467542,Dropout
0.7151016141479304,0.13165951097921477,0.15323887487285492,Enrolled
0.05882838961521977,0.038150830754578965,0.9030207796302013,Dropout
0.08961390378798016,0.006616254517117083,0.9037698416949027,Dropout
0.0242739149936892,0.9715772946985105,0.004148790307800423,Graduate
0.23023700232790745,0.009839986102450552,0.7599230115696419,Dropout
0.0351353290949044,0.9492667777430908,0.015597893162004902,Graduate
0.15028389379165438,0.7437731498686432,0.10594295633970238,Graduate
0.023197177800249873,0.9461131264904925,0.030689695709257486,Graduate
0.03350600878788387,0.002208742126550065,0.964285249085566,Dropout
0.07219982427716781,0.10686463887503635,0.8209355368477959,Dropout
0.16769583990204276,0.806239689209399,0.026064470888558205,Graduate
0.13624282473114857,0.847301098511195,0.01645607675765641,Graduate
0.222267199518653,0.7124345763992337,0.0652982240821135,Enrolled
0.0036392377308650846,0.9901455191965362,0.006215243072598625,Graduate
0.016426254013624395,0.9792667141384835,0.004307031847892092,Graduate
0.8091144644963377,0.045255448806962896,0.14563008669669938,Enrolled
0.0021058638922639085,0.0013703547022405236,0.9965237814054956,Dropout
0.004204325170716221,0.0005139100535441239,0.9952817647757396,Dropout
0.003817408416504959,0.0001743463539130707,0.9960082452295819,Dropout
0.06919543724300094,0.9066495048994075,0.024155057857591422,Dropout
0.5783342599599498,0.32210757389754385,0.09955816614250637,Graduate
0.8017791616026384,0.03384485938767253,0.16437597900968903,Enrolled
0.08350111495442876,0.887809034789347,0.02868985025622424,Graduate
0.034711625355529296,0.9469946063186456,0.018293768325825185,Graduate
0.060872922670107764,0.0030514339985492625,0.9360756433313429,Enrolled
0.06167225568747337,0.9229069725597929,0.015420771752733663,Graduate
0.06006490656341541,0.9261352620509838,0.01379983138560071,Graduate
0.041262112463009426,0.9395867193595909,0.01915116817739947,Graduate
0.03169943451801483,0.9570120454967134,0.011288519985271826,Graduate
0.00676395522537754,0.9856885375674616,0.007547507207160972,Graduate
0.7626289749719682,0.11934653708219543,0.11802448794583636,Enrolled
0.04871771334720768,0.004549396569156727,0.9467328900836356,Dropout
0.08854818069812476,0.879265900075529,0.032185919226346414,Graduate
0.010255492391620019,0.9841527507079659,0.005591756900414226,Graduate
0.02539674441278546,0.0007377666782429544,0.9738654889089715,Dropout
0.020355767785565394,0.0036845427842076553,0.9759596894302269,Dropout
0.5798820106696905,0.3540714177195581,0.06604657161075157,Enrolled
0.013263630222176002,0.98348766049386,0.003248709283964073,Graduate
0.09760113312249927,0.8916139693168144,0.010784897560686388,Graduate
0.014230667904922677,0.9776060389461302,0.008163293148947117,Graduate
0.03461409676980642,0.0024593668919674645,0.9629265363382262,Dropout
0.023987075894669512,0.9616763653244762,0.014336558780854249,Graduate
0.10416824350607069,0.11782414883092941,0.7780076076629999,Dropout
0.6616988945181255,0.09052946411956424,0.24777164136231034,Enrolled
0.8010574044408896,0.09171221442360343,0.10723038113550708,Enrolled
0.02248481334956466,0.9375060839173491,0.04000910273308614,Graduate
0.01466833030648317,0.00019004505597940534,0.9851416246375375,Dropout
0.18519700053656687,0.7992812692194968,0.015521730243936263,Graduate
0.06928405482660889,0.9217854577707789,0.008930487402612135,Graduate
0.03637611580897342,0.9505863449294263,0.013037539261600227,Graduate
0.010754482499378154,0.003747088444272674,0.9854984290563492,Dropout
0.5897316438873879,0.2574518439056531,0.15281651220695905,Dropout
0.8429247222705766,0.0038627815292777475,0.15321249620014565,Enrolled
0.02669007296867574,0.0030723134833269806,0.9702376135479972,Dropout
0.04290972034353503,0.9419862319242308,0.015104047732234147,Graduate
0.03445823885772594,0.13417025492762605,0.8313715062146482,Dropout
0.02292163055215663,0.9674103995227321,0.009667969925111208,Graduate
0.8094702577018189,0.07948434609470768,0.11104539620347338,Enrolled
0.018650942775548195,0.00047380234608960115,0.9808752548783622,Dropout
0.035758163270832984,0.0017198628909969069,0.9625219738381702,Enrolled
0.6923744843340904,0.18577302629236142,0.12185248937354802,Graduate
0.0015763672266958211,0.00138772896694861,0.9970359038063557,Dropout
0.2235094308628926,0.6559050906675563,0.12058547846955107,Graduate
0.011414431011806829,0.0006667957621489496,0.9879187732260442,Dropout
0.1179396868178863,0.8546084962973753,0.02745181688473846,Graduate
0.08482248749933512,0.8901723285877563,0.02500518391290865,Graduate
0.007630788810233977,0.002432110852072649,0.9899371003376933,Dropout
0.13282615216158647,0.8445024157259005,0.022671432112512994,Graduate
0.05018971618033234,0.9033486104577859,0.04646167336188172,Graduate
0.057167147613936424,0.9322651940949312,0.010567658291132207,Graduate
0.03614252428610591,0.838519652824573,0.125337822889321,Graduate
0.6705049184814217,0.06502696254352601,0.2644681189750523,Enrolled
0.2903650007766492,0.37395260573475914,0.3356823934885917,Enrolled
0.011143184475241326,0.006127254541259442,0.9827295609834993,Dropout
0.25649931713425406,0.23375790375933125,0.5097427791064146,Graduate
0.010205008368939757,0.9854043270732786,0.004390664557781715,Graduate
0.19929093303054846,0.005368145031414185,0.7953409219380374,Enrolled
0.023250617917614815,0.9595698944178555,0.0171794876645298,Graduate
0.04135372212680084,0.0024964956867125376,0.9561497821864867,Dropout
0.02545259128609976,0.960942317903244,0.013605090810656244,Graduate
0.21297621738874103,0.6671603087844843,0.11986347382677473,Enrolled
0.7632735457045814,0.021751902984699135,0.21497455131071946,Enrolled
0.0214088303773948,0.9651863971746086,0.013404772447996639,Graduate
0.11110531173649618,0.8569685693549159,0.031926118908588014,Graduate
0.040993532799649506,0.9341696773300538,0.024836789870296763,Graduate
0.46956135260946413,0.09840045640268537,0.4320381909878506,Dropout
0.018337124705653223,0.9758632528962283,0.005799622398118473,Graduate
0.0175666127980497,0.0012722145438979816,0.9811611726580524,Dropout
0.07124218140038799,0.08072362293494,0.848034195664672,Dropout
0.4461919686981093,0.29966950671610115,0.25413852458578967,Enrolled
0.0024229738120314357,0.0012434109155973314,0.9963336152723712,Dropout
0.19772551207343464,0.16955361322226747,0.6327208747042979,Enrolled
0.03934834859822914,0.9417753628111825,0.018876288590588455,Graduate
0.07423213405634117,0.89281251422283,0.032955351720828745,Graduate
0.05314069751320382,0.8214896472899705,0.1253696551968257,Graduate
0.04200686605414625,0.9273296937018837,0.03066344024397006,Graduate
0.03305262076320793,0.8297606985787493,0.13718668065804274,Graduate
0.019481398787869506,0.00043686856604303496,0.9800817326460874,Dropout
0.005689785023731019,0.9863895340255203,0.007920680950748566,Graduate
0.0027654784701790047,0.0002054277669841602,0.9970290937628369,Dropout
0.020364977902658798,0.003833209008592396,0.9758018130887489,Dropout
0.18772610479463867,0.7751064765001119,0.037167418705249526,Graduate
0.014246578499875514,0.0015107199327444264,0.98424270156738,Dropout
0.02193235146358014,0.9738527575746383,0.004214890961781772,Graduate
0.008722468351126578,0.0014722854402701784,0.9898052462086033,Dropout
0.7364562359462278,0.10888754091733914,0.1546562231364331,Enrolled
0.0346848984753035,0.9420730745368687,0.02324202698782765,Graduate
0.01608033183672255,0.005792268618104037,0.9781273995451735,Dropout
0.09099347001799862,0.8672208699995085,0.0417856599824929,Graduate
0.023638595776032223,0.9631742979499042,0.013187106274063637,Graduate
0.3738556243105191,0.5150486181593075,0.11109575753017338,Graduate
0.019407405119972614,0.9670036211952308,0.013588973684796656,Graduate
0.2860470027769207,0.6939168899132234,0.02003610730985595,Enrolled
0.05027966462144247,0.0028281434264906384,0.9468921919520669,Dropout
0.030771292255002806,0.9519997064562884,0.017229001288708724,Graduate
0.06988302716757143,0.9107994399487642,0.019317532883664487,Graduate
0.002632499494132751,0.00028895566405907555,0.9970785448418082,Dropout
0.004443136422004081,0.00017269146887726055,0.9953841721091187,Dropout
0.5139962757311853,0.010165530186687472,0.4758381940821271,Enrolled
0.2200880168227213,0.7147124312815311,0.0651995518957475,Graduate
0.036672846489837485,0.9460832713038725,0.017243882206290004,Graduate
0.029671093289238906,0.9603816877569623,0.009947218953798851,Graduate
0.010440975861234648,0.9718597618176343,0.017699262321130966,Graduate
0.02683609008509024,0.9592916453089383,0.013872264605971308,Graduate
0.030355248166119963,0.9575163062957828,0.012128445538097431,Graduate
0.6800923045928622,0.16740087016711933,0.15250682524001843,Dropout
0.031437635502116576,0.9302180247278651,0.03834433977001851,Graduate
0.31309503948245904,0.6057068681015364,0.0811980924160045,Graduate
0.00783639387926217,0.0011802221118615258,0.9909833840088764,Dropout
0.15950749250630877,0.7843606629719616,0.05613184452172959,Graduate
0.41473613631547057,0.3483128452780777,0.23695101840645175,Dropout
0.03909394447422143,0.944819501431478,0.016086554094300588,Graduate
0.110454229665671,0.8522703208023263,0.03727544953200265,Graduate
0.008209562439283662,0.0025788425283014365,0.9892115950324148,Dropout
0.1306055721350782,0.7929892195057182,0.07640520835920357,Graduate
0.12297359537180384,0.8518278306452789,0.02519857398291717,Graduate
0.5180146752947644,0.20666840343716383,0.2753169212680718,Graduate
0.014047494764625553,0.9679855756877866,0.017966929547587877,Graduate
0.02285800188792341,0.9706801712130498,0.0064618268990267215,Graduate
0.01221618397386833,0.0031241582918490798,0.9846596577342827,Dropout
0.03127721319555169,0.0072637431719186915,0.9614590436325295,Dropout
0.8871805051719137,0.07428286794364315,0.03853662688444301,Enrolled
0.7290912641046052,0.08844627126822263,0.1824624646271721,Dropout
0.27418352617174063,0.6284074173931453,0.09740905643511409,Graduate
0.010417062328122503,0.003922040161027892,0.9856608975108496,Dropout
0.008868559878498656,0.0013478971473376514,0.9897835429741637,Dropout
0.19835601030297834,0.6875917849018602,0.11405220479516151,Graduate
0.6304278522239634,0.019898254891944342,0.34967389288409234,Dropout
0.04068950475117977,0.9361303408560594,0.023180154392760742,Graduate
0.0216076130920571,0.9724165490970427,0.005975837810900288,Graduate
0.0371228191892637,0.9558094705721407,0.00706771023859573,Graduate
0.6734036794470837,0.20198527412499293,0.12461104642792334,Enrolled
0.039659078348441304,0.9033310515554115,0.05700987009614713,Graduate
0.023777292760275393,0.006477383985450346,0.9697453232542742,Dropout
0.006465286238879856,0.9865891308989909,0.006945582862129094,Graduate
0.3308357951935169,0.5843239593096214,0.08484024549686166,Graduate
0.12157358605098507,0.8583465422553794,0.020079871693635447,Graduate
0.04834252862262265,0.9405494579600215,0.0111080134173557,Graduate
0.017229881675870525,0.9581626739276736,0.024607444396455687,Graduate
0.5019416611945007,0.40069461817320146,0.0973637206322979,Graduate
0.01688452388079213,0.9761550449526628,0.0069604311665452745,Graduate
0.30365073715545543,0.6080246217523889,0.08832464109215567,Graduate
0.012767567894947356,0.002815741120688781,0.9844166909843638,Dropout
0.7067188355210429,0.2477920576862,0.04548910679275729,Enrolled
0.10248300778532345,0.8713043217709512,0.026212670443725376,Graduate
0.015426800720410052,0.9765223444610809,0.008050854818509113,Graduate
0.206702571199867,0.010431030506480855,0.7828663982936521,Dropout
0.04848117198511261,0.002087334988838556,0.9494314930260489,Dropout
0.04443444162399112,0.8857141061876248,0.06985145218838404,Enrolled
0.0044722064279774255,0.0003894040733551397,0.9951383894986674,Dropout
0.04471219507096303,0.9269707928498689,0.02831701207916811,Graduate
0.007306714339755989,0.001447877359809656,0.9912454083004344,Dropout
0.4031188948718775,0.4668482534078551,0.1300328517202673,Graduate
0.0032068970098031637,0.0005917046647665961,0.9962013983254302,Dropout
0.8742370630441099,0.020317167552155152,0.10544576940373493,Enrolled
0.0219033521044471,0.8927790833120921,0.08531756458346093,Dropout
0.547592511365575,0.33413552430821347,0.1182719643262116,Enrolled
0.027169817938437996,0.002521725909017054,0.970308456152545,Dropout
0.46659036997206815,0.22644361114398215,0.3069660188839497,Enrolled
0.14176655257750492,0.8393140746779997,0.018919372744495386,Graduate
0.0433414301311775,0.9080887481757156,0.04856982169310681,Graduate
0.6259078315509398,0.15964765581138302,0.21444451263767728,Graduate
0.8234312291579022,0.015610660404326949,0.16095811043777072,Enrolled
0.0936754459453776,0.8619439038350367,0.04438065021958556,Graduate
0.31161292068189406,0.012944427405419073,0.6754426519126868,Enrolled
0.3491849087511399,0.6122543523246415,0.03856073892421868,Graduate
0.21565661908772915,0.6402976733048824,0.14404570760738858,Dropout
0.003916637915660344,0.0015521685223301542,0.9945311935620096,Dropout
0.2894780693450138,0.6963053291285408,0.014216601526445537,Graduate
0.005057190605497,0.00048690417205877963,0.9944559052224443,Dropout
0.010968792206677552,0.9820224166948369,0.007008791098485614,Graduate
0.029975755651121976,0.9603298524315791,0.009694391917298888,Graduate
0.13006780399425727,0.791253363419822,0.07867883258592077,Graduate
0.2539944805610357,0.0042950793429608405,0.7417104400960035,Dropout
0.08845256750183152,0.8905494850782363,0.02099794741993214,Graduate
0.7946461262548248,0.006520856719722074,0.19883301702545328,Enrolled
0.05844895742917674,0.004045072275002822,0.9375059702958204,Dropout
0.007029824097987016,0.9876794319143152,0.005290743987697673,Graduate
0.008840705230743586,0.001444049711547535,0.9897152450577089,Dropout
0.5524775900032596,0.3200694175846169,0.12745299241212352,Enrolled
0.5280061005851909,0.3246278724731438,0.14736602694166534,Enrolled
0.002567782412057658,0.004687435742652701,0.9927447818452897,Dropout
0.03291225849201993,0.9425883820138995,0.02449935949408059,Graduate
0.1859419872124162,0.007546524399095737,0.8065114883884881,Dropout
0.12288243624581838,0.8284670831962596,0.04865048055792204,Graduate
0.7236433649297682,0.018321789997163582,0.2580348450730682,Enrolled
0.09225519188884948,0.8835579765625943,0.02418683154855616,Graduate
0.005715016574638877,0.005137040535607621,0.9891479428897536,Dropout
0.3109626123142676,0.006712606068146254,0.6823247816175861,Dropout
0.017208338389400436,0.9739265857826761,0.008865075827923351,Graduate
0.10507279830546945,0.5635789873562179,0.3313482143383127,Dropout
0.48220283071373987,0.4548091661402298,0.06298800314603022,Enrolled
0.027746301990560693,0.9629376745403279,0.009316023469111489,Graduate
0.014890468354246558,0.00503214376384441,0.9800773878819091,Dropout
0.0006271839348711237,0.0007058809542640032,0.9986669351108649,Dropout
0.3645515672018087,0.0074627679695562195,0.627985664828635,Dropout
0.061682508878825294,0.9063859774903114,0.03193151363086328,Graduate
0.07485378517273128,0.0036051908073933925,0.9215410240198753,Dropout
0.14889941735304604,0.02574331144866144,0.8253572711982925,Dropout
0.09525446365406709,0.004629657349729966,0.9001158789962029,Dropout
0.0023811340687629823,0.0007632768920520921,0.9968555890391849,Dropout
0.5270339133641547,0.42518495060689565,0.047781136028949706,Enrolled
0.08920979435268034,0.8821237616530289,0.028666443994290778,Graduate
0.022782668162708984,0.0011571187363646333,0.9760602131009264,Dropout
0.048537393533548655,0.938567299979555,0.012895306486896265,Graduate
0.06073234864301979,0.8819523434195099,0.05731530793747045,Graduate
0.020240398438689935,0.9719795575631328,0.00778004399817725,Graduate
0.04274689834367527,0.9436172746154529,0.013635827040871934,Graduate
0.07565553029401603,0.903461287529181,0.020883182176802986,Graduate
0.012736378193095392,0.0009811565919299499,0.9862824652149745,Dropout
0.1430629802303934,0.8322249179925478,0.024712101777058782,Graduate
0.025967520789110576,0.9555206816355996,0.018511797575289955,Graduate
0.6229493886899571,0.08706343376968866,0.28998717754035414,Enrolled
0.0008792184188421007,0.0005454565829640585,0.9985753249981938,Dropout
0.5974847336359077,0.3277394597801801,0.0747758065839121,Graduate
0.006762121191104452,0.0002611822265334273,0.9929766965823621,Dropout
0.7053970607967326,0.1521935059784355,0.14240943322483185,Dropout
0.4046426530382427,0.1997966013708417,0.39556074559091553,Enrolled
0.665251063676715,0.27912856070225056,0.05562037562103453,Graduate
0.061752766246759745,0.9158790253818744,0.02236820837136592,Graduate
0.2554058047787773,0.5147643515215425,0.22982984369968024,Dropout
0.7189853330450936,0.1692276490901986,0.11178701786470793,Enrolled
0.016994025224189736,0.0007930044405376085,0.9822129703352727,Dropout
0.07360680419033018,0.8999306474557814,0.026462548353888372,Graduate
0.07001109297759615,0.8976891317634323,0.03229977525897151,Enrolled
0.7679651291240631,0.1694284196156342,0.06260645126030266,Dropout
0.2833783484520187,0.5561893770969731,0.1604322744510082,Graduate
0.4937689883186896,0.25406513786276,0.2521658738185505,Graduate
0.6894847747611454,0.23345956152222486,0.07705566371662965,Enrolled
0.2306672407273309,0.0024376997038190787,0.7668950595688501,Dropout
0.05333384574893079,0.9127912368882651,0.033874917362803986,Enrolled
0.4007629340313948,0.30207352676889254,0.2971635391997126,Enrolled
0.7793611339304588,0.03833980495642513,0.18229906111311603,Dropout
0.07018120542230324,0.904201235944947,0.025617558632749816,Graduate
0.040531373649593555,0.9433756085617034,0.0160930177887031,Graduate
0.008643046696079435,0.9723425035596089,0.019014449744311636,Graduate
0.038413391741988316,0.9485792050011128,0.013007403256898786,Graduate
0.07050807355990865,0.9155296191562293,0.013962307283862,Graduate
0.03362726875721294,0.9541023017419638,0.01227042950082337,Graduate
0.028223239557077118,0.9634732740036506,0.008303486439272222,Graduate
0.025203759866231894,0.9410452014630449,0.03375103867072326,Graduate
0.8005326767948533,0.013475820177556126,0.18599150302759065,Enrolled
0.7943978151597204,0.040969289725349134,0.1646328951149304,Dropout
0.07029168048710005,0.923106396576505,0.006601922936394911,Graduate
0.009531190560586471,0.0018417550077135534,0.9886270544317,Dropout
0.04695057582285958,0.9359080473504091,0.01714137682673125,Graduate
0.7183296749106866,0.1348298699345457,0.1468404551547677,Enrolled
0.01815085924606139,0.9598623105120598,0.021986830241878808,Graduate
0.0938012226511106,0.890479476948231,0.01571930040065846,Graduate
0.05662992221952954,0.842590267537611,0.10077981024285959,Graduate
0.12942878029803492,0.8182651393183649,0.052306080383600295,Graduate
0.7091175822080211,0.0683045015587578,0.22257791623322098,Dropout
0.7299659474716205,0.13774526843629037,0.1322887840920892,Enrolled
0.5904888350300855,0.1844858736887602,0.22502529128115428,Enrolled
0.7158458966935292,0.0823097534348672,0.2018443498716036,Enrolled
0.05435031801470203,0.9144037686139873,0.03124591337131073,Graduate
0.06693941059482948,0.9119156966966633,0.021144892708507227,Graduate
0.2186781306514337,0.6715266822855487,0.10979518706301761,Graduate
0.06924748154061584,0.002441875469421279,0.9283106429899629,Dropout
0.47480181915218456,0.1981952387476258,0.32700294210018965,Enrolled
0.7783856417497242,0.07156929284691067,0.15004506540336507,Enrolled
0.003624151511508913,0.9875577943188641,0.008818054169626907,Graduate
0.005974886624665351,0.9821279461603165,0.01189716721501813,Graduate
0.8068696768002137,0.11063196663563311,0.0824983565641532,Enrolled
0.678534064858982,0.04127261515402871,0.2801933199869892,Enrolled
0.01849089118715335,0.0007378294789663835,0.9807712793338803,Dropout
0.17208362188984902,0.011601501330426279,0.8163148767797247,Dropout
0.02079823265672225,0.9591318851063483,0.02006988223692931,Graduate
0.029396603964548764,0.0010562549089959457,0.9695471411264552,Dropout
0.06187084759246726,0.00118610818253755,0.9369430442249952,Dropout
0.11991550467297862,0.8292326282302511,0.05085186709677037,Graduate
0.0023249880457791943,0.00021232254635122723,0.9974626894078696,Dropout
0.019150655137885837,0.9700574416121254,0.01079190324998898,Graduate
0.03951191244366745,0.000718066528863883,0.9597700210274687,Dropout
0.17613528745589907,0.23066540094651236,0.5931993115975887,Dropout
0.8383001072035864,0.033639749849864745,0.12806014294654894,Enrolled
0.02075647178753109,0.967464603157954,0.011778925054514977,Graduate
0.16907378358781852,0.7752268889712453,0.055699327440936246,Graduate
0.010999929054920948,0.001208018671189632,0.9877920522738893,Dropout
0.35681310962304774,0.5429925492265325,0.10019434115041981,Graduate
0.013541614248852371,0.9734249894546305,0.013033396296517064,Graduate
0.0034118107604711365,0.003619136020272995,0.9929690532192559,Dropout
0.010627084597046805,0.0008244777699284748,0.9885484376330247,Dropout
0.355720279428075,0.625120144800719,0.01915957577120603,Graduate
0.03135943901318633,0.9543763493584857,0.014264211628328121,Graduate
0.48942939745677405,0.44176485376570784,0.06880574877751809,Graduate
0.21285843581883762,0.7689411072436927,0.018200456937469727,Graduate
0.006215990345720683,0.001900390192503139,0.9918836194617762,Dropout
0.3117760119037133,0.5528794043495373,0.1353445837467494,Dropout
0.40104664695230546,0.4836368362271848,0.11531651682050974,Graduate
0.26161676011657337,0.6478873661481782,0.09049587373524841,Graduate
0.0553470331652909,0.933349260546694,0.011303706288015098,Graduate
0.02217149366086625,0.9682147851305956,0.009613721208538128,Graduate
0.02551016955777717,0.9665841568462602,0.007905673595962693,Graduate
0.03611145776467797,0.009167700091814598,0.9547208421435074,Dropout
0.07822858177290495,0.8621043141414007,0.059667104085694374,Graduate
0.030118763790610008,0.9629732108734239,0.006908025335965975,Graduate
0.5613647863743574,0.3798934371916468,0.05874177643399587,Enrolled
0.6727305250882042,0.06426571563211808,0.2630037592796778,Enrolled
0.1193941790771257,0.8365612710387347,0.044044549884139715,Graduate
0.09589520023655904,0.8630020122058338,0.04110278755760722,Enrolled
0.009753798542643343,0.003517336649057279,0.9867288648082995,Dropout
0.0024610590108451427,0.0013412507656706822,0.996197690223484,Dropout
0.0024824904400475114,0.0004509955520833655,0.9970665140078692,Dropout
0.8960774106852993,0.004751166603985629,0.09917142271071501,Enrolled
0.13970478171994224,0.8161414380016393,0.044153780278418465,Graduate
0.791350086096178,0.1137186891934955,0.09493122471032665,Enrolled
0.051275593298442786,0.01061760042412976,0.9381068062774274,Dropout
0.4619383639156565,0.01215235016384903,0.5259092859204946,Enrolled
0.12351301170747955,0.03164059923194198,0.8448463890605785,Dropout
0.5181517415166543,0.4218542913346034,0.05999396714874217,Dropout
0.40267912771631775,0.49652402890401437,0.10079684337966789,Graduate
0.001234661724047123,0.0004620536273080825,0.9983032846486447,Dropout
0.013559730957657855,0.0008394853250825197,0.9856007837172597,Dropout
0.07375523813099165,0.8841349787785411,0.04210978309046727,Graduate
0.009498093314020366,0.9856031091930327,0.00489879749294695,Graduate
0.4013005690349271,0.2160735874058681,0.3826258435592047,Dropout
0.03203864582222502,0.9280491001531573,0.03991225402461773,Graduate
0.7107266830079328,0.2110009779878385,0.07827233900422864,Graduate
0.025984161998669743,0.9375569517448386,0.03645888625649183,Graduate
0.725580074865422,0.00911798590895721,0.26530193922562084,Enrolled
0.031200849793153074,0.9294668673083636,0.039332282898483374,Graduate
0.01916824857326618,0.9669334709747471,0.01389828045198677,Graduate
0.22467045638516286,0.5415992197193084,0.23373032389552878,Dropout
0.8123208098884014,0.03772648847786425,0.1499527016337345,Enrolled
0.04287025635089915,0.0039328239311828776,0.953196919717918,Dropout
0.002608807115029845,0.0004976923831431907,0.996893500501827,Dropout
0.09602943207744102,0.003569510702141005,0.9004010572204181,Dropout
0.19838613763320792,0.005606488850102365,0.7960073735166897,Enrolled
0.03710725992077902,0.0012055013683949084,0.9616872387108261,Dropout
0.5653727553235313,0.39969288998887387,0.03493435468759489,Enrolled
0.04803316734819653,0.9387163246593568,0.013250507992446602,Graduate
0.05378908820652254,0.9346786052185413,0.011532306574936212,Graduate
0.03926394642047132,0.9331458175932764,0.027590235986252227,Graduate
0.11438474009896986,0.8408318321892734,0.04478342771175687,Graduate
0.1462095960713595,0.8203465743772174,0.03344382955142307,Graduate
0.006689358113834223,0.0020046776447907645,0.991305964241375,Dropout
0.4933625754239205,0.003378087512633352,0.5032593370634462,Enrolled
0.015284003989250837,0.977677830839697,0.007038165171052096,Graduate
0.24441587592456582,0.575734772954032,0.17984935112140213,Graduate
0.5139396065098525,0.21950785768143868,0.2665525358087088,Graduate
0.03231475695504821,0.001133836087694966,0.9665514069572567,Dropout
0.012781648898646972,0.003033301933513607,0.9841850491678394,Dropout
0.04970794985687413,0.08647012582797536,0.8638219243151505,Dropout
0.07994363423931142,0.8684632100407542,0.051593155719934385,Enrolled
0.7469250643978631,0.154359422251176,0.09871551335096096,Enrolled
0.08107152394195423,0.11694771648730248,0.8019807595707432,Dropout
0.1392510543600538,0.8359033386161567,0.024845607023789355,Graduate
0.11242516956070982,0.8744860444779006,0.013088785961389557,Graduate
0.06246018324669367,0.015729484113884695,0.9218103326394216,Dropout
0.006216777054441422,0.9829307486235035,0.010852474322055047,Graduate
0.01940876579951525,0.8328168686522233,0.1477743655482615,Enrolled
0.6233378532271793,0.10377391848818196,0.27288822828463877,Enrolled
0.07199754887494986,0.9113117046463711,0.01669074647867899,Graduate
0.02361930484327139,0.9552792673717789,0.021101427784949774,Graduate
0.7389605039110537,0.045824728072568266,0.21521476801637807,Graduate
0.6124678529746219,0.2811389353642655,0.10639321166111258,Enrolled
0.07676387479335371,0.8814439381321129,0.04179218707453327,Graduate
0.01893443118252947,0.9618555492422058,0.01921001957526476,Graduate
0.03942895316671044,0.9497929031623213,0.010778143670968262,Graduate
0.28791696807143374,0.6039693245254625,0.10811370740310376,Graduate
0.14179983020160578,0.8270977213519045,0.031102448446489742,Graduate
0.01523796087568188,0.9400729681313295,0.044689070992988626,Graduate
0.19969395296488746,0.785022376842574,0.015283670192538408,Graduate
0.08570638818175713,0.0021967318945858424,0.912096879923657,Enrolled
0.02678538984524904,0.9588389868681302,0.0143756232866207,Graduate
0.008815323768315193,0.00028446827599314963,0.9909002079556917,Dropout
0.003402072160446517,0.0015162367824210978,0.9950816910571324,Dropout
0.06977989451744775,0.8942197377969486,0.036000367685603725,Graduate
0.35173118883974047,0.6071311083361306,0.041137702824128805,Graduate
0.002151432180824312,0.0006543442120510004,0.9971942236071247,Dropout
0.16563741712012608,0.80059273840946,0.03376984447041394,Enrolled
0.4690259772410447,0.313175927714081,0.21779809504487418,Dropout
0.007541120433587595,0.002431897521728185,0.9900269820446842,Dropout
0.7243486638961198,0.0328372888516281,0.24281404725225203,Enrolled
0.08899036821896499,0.06822144513840452,0.8427881866426306,Dropout
0.008307262736790048,0.9748822022503031,0.01681053501290689,Graduate
0.0008285180571412662,0.00019419760654566315,0.9989772843363132,Dropout
0.08533055345252943,0.8331715644759862,0.08149788207148426,Graduate
0.6076375326771634,0.16051977872735476,0.23184268859548196,Enrolled
0.01914766309019182,0.970576424337291,0.0102759125725173,Graduate
0.016320251300759363,0.9444497837068812,0.039229964992359735,Graduate
0.4008404355899201,0.011382391896536585,0.5877771725135433,Enrolled
0.018257398918506577,0.9666039394355019,0.01513866164599159,Graduate
0.05403622695886049,0.007604921604227181,0.9383588514369122,Dropout
0.16465550429556552,0.7552289630572482,0.08011553264718638,Graduate
0.084857582047027,0.8811658392186977,0.03397657873427541,Graduate
0.2816227591678617,0.6951300587052787,0.02324718212685973,Enrolled
0.05443097923173898,0.02755184761807511,0.9180171731501858,Dropout
0.5163296731854162,0.10779373205884231,0.3758765947557413,Dropout
0.7228150436800632,0.08825388514065588,0.1889310711792807,Enrolled
0.04366956635249131,0.9438389948708076,0.01249143877670102,Graduate
0.32057975756627277,0.6516716109741612,0.027748631459566016,Graduate
0.3807937816555641,0.01118401314425844,0.6080222052001774,Enrolled
0.025477486378264535,0.0021181198583226607,0.9724043937634128,Dropout
0.024340074897213,0.9575532271240182,0.018106697978768637,Dropout
0.0009439713177678761,0.0002837471778939646,0.9987722815043382,Dropout
0.0859092837268615,0.8920414693423688,0.02204924693076976,Graduate
0.014167001400495401,0.9470769593318715,0.0387560392676331,Graduate
0.08261817020343812,0.894142887955421,0.023238941841140802,Graduate
0.12580505919996082,0.847789688616227,0.026405252183812206,Graduate
0.014305862131476249,0.0007627257877092888,0.9849314120808144,Dropout
0.6302462332758858,0.0166727035943,0.3530810631298142,Dropout
0.15797499404580292,0.8191544440691503,0.022870561885046985,Graduate
0.18573060921917017,0.12137417460236835,0.6928952161784615,Dropout
0.36588724131266537,0.5697313631667926,0.06438139552054206,Enrolled
0.44426158552082273,0.37602061829518757,0.17971779618398967,Enrolled
0.11208588744732942,0.42465998958989853,0.46325412296277196,Dropout
0.013682161165765,0.9733916109357789,0.012926227898456155,Graduate
0.6561460602683586,0.21863667355042365,0.1252172661812177,Enrolled
0.022350567439841644,0.0020169084586618698,0.9756325241014965,Dropout
0.044229318072404364,0.002597023289457059,0.9531736586381386,Dropout
0.1532393867855917,0.7834658071431453,0.06329480607126284,Graduate
0.059439875459188364,0.9301437858862676,0.010416338654544085,Graduate
0.2947408141287772,0.0051115291836945674,0.7001476566875283,Dropout
0.03251323269577323,0.8589590731641025,0.10852769414012439,Graduate
0.03806059473195682,0.9135772293927494,0.04836217587529377,Graduate
0.04595929295914511,0.2110242237606885,0.7430164832801665,Dropout
0.14674962302485361,0.05105098613841327,0.8021993908367332,Enrolled
0.07872138019735729,0.9100155169954373,0.011263102807205525,Graduate
0.020610603922218355,0.9663771196829095,0.013012276394872268,Graduate
0.002563622998390012,0.9671455574089695,0.03029081959264055,Graduate
0.003592733000564517,0.9839629314804543,0.012444335518981178,Graduate
0.01650885928852986,0.004512344163898834,0.9789787965475714,Dropout
0.6684318383834028,0.1766254986546888,0.15494266296190826,Dropout
0.23549020729635675,0.0026763208270589585,0.7618334718765843,Dropout
0.8531269229340162,0.03227504962739668,0.11459802743858721,Dropout
0.3116972232920068,0.38855554768747824,0.299747229020515,Graduate
0.6247760814620774,0.07213746772436659,0.30308645081355595,Enrolled
0.3540720262270584,0.004751614871522863,0.6411763589014187,Dropout
0.36795765744142,0.4672638127488982,0.16477852980968177,Graduate
0.24958920463475326,0.002904558435512085,0.7475062369297347,Enrolled
0.09931740004623547,0.8767921281840777,0.023890471769686655,Graduate
0.036539370432832306,0.006834704629104421,0.9566259249380633,Dropout
0.033454257522199,0.9503807901708201,0.016164952306981038,Graduate
0.37561156061037326,0.5707007926707779,0.05368764671884883,Graduate
0.05161804177247354,0.9310737436758277,0.017308214551698686,Graduate
0.05058484130176651,0.931449515226734,0.017965643471499395,Graduate
0.09149954715041454,0.0136881487329944,0.8948123041165911,Dropout
0.5623161298525372,0.3241860015307031,0.1134978686167598,Enrolled
0.06541460487183025,0.9179319818591724,0.016653413268997507,Graduate
0.01892464621909478,0.9724000555261183,0.008675298254786981,Graduate
0.4543526142105787,0.49318826090463797,0.05245912488478341,Enrolled
0.018655608605936045,0.003512628711499747,0.9778317626825642,Dropout
0.09734175537894077,0.8881503325739744,0.014507912047084901,Graduate
0.009225568492533493,0.005173705633299981,0.9856007258741666,Dropout
0.47048404276787376,0.0836888524438168,0.44582710478830956,Enrolled
0.0904484613370855,0.0008286529752361223,0.9087228856876783,Dropout
0.0019590307656632833,0.0003209508297863768,0.9977200184045503,Dropout
0.019590324333784558,0.9345320075608708,0.0458776681053445,Graduate
0.04167667683288031,0.002773926602969869,0.9555493965641498,Dropout
0.039808944448285116,0.9473730809342055,0.012817974617509574,Graduate
0.005418876409019079,0.0029626920100257878,0.9916184315809551,Dropout
0.2234723445936519,0.7319525937587283,0.04457506164761974,Graduate
0.031170328563027736,0.9549754368017507,0.013854234635221539,Graduate
0.7715414422513018,0.022443273074669038,0.20601528467402913,Enrolled
0.02859250196913961,0.9576404907938978,0.013767007236962633,Graduate
0.006549017785310393,0.9878562027565768,0.005594779458112636,Graduate
0.4217874415808504,0.001909339212125048,0.5763032192070244,Dropout
0.5763097290381866,0.3505130015484904,0.07317726941332289,Enrolled
0.09207340208008254,0.8805884614054957,0.02733813651442182,Graduate
0.48644054190506325,0.008447286026129961,0.5051121720688068,Dropout
0.007174662418252897,0.0005447523830490528,0.992280585198698,Dropout
0.8892391933994366,0.027404152299275404,0.08335665430128797,Enrolled
0.8610253160068041,0.051400306626421075,0.08757437736677477,Dropout
0.6911480963826344,0.2324384934040451,0.07641341021332039,Enrolled
0.5546354711175224,0.3206950677876247,0.12466946109485293,Enrolled
0.11297403723197301,0.004776358335511112,0.882249604432516,Dropout
0.09653480269670231,0.8814009473196438,0.022064249983653854,Graduate
0.05150895301902345,0.0025322199692660013,0.9459588270117106,Dropout
0.0300026635175511,0.00420698573316996,0.9657903507492789,Dropout
0.670993953110531,0.16995327623273476,0.15905277065673418,Graduate
0.13036338498575037,0.8348835083554255,0.034753106658824175,Graduate
0.5711407225717744,0.014134137699081001,0.4147251397291445,Enrolled
0.010296813112174124,0.0021269522204271935,0.9875762346673987,Dropout
0.013266073186557203,0.9802828480920542,0.006451078721388513,Graduate
0.8088556477730023,0.006379613420596358,0.18476473880640135,Enrolled
0.4844364217399923,0.4562131360315906,0.05935044222841716,Enrolled
0.0491351604747051,0.9195927310780178,0.0312721084472772,Graduate
0.6525215605216896,0.05794696922319564,0.28953147025511466,Enrolled
0.05702563962913335,0.002841377743772209,0.9401329826270945,Dropout
0.013051881744737715,0.00091426478946356,0.9860338534657986,Dropout
0.1831308218044362,0.002351457884228523,0.8145177203113353,Dropout
0.21863924478163205,0.7636532035115567,0.017707551706811205,Enrolled
0.005574271484221268,0.002426529472201039,0.9919991990435778,Dropout
0.8190657279049925,0.03656928915387722,0.1443649829411302,Enrolled
0.6438551296816406,0.23573072443908602,0.12041414587927343,Enrolled
0.7767464951500571,0.030282301430864186,0.1929712034190786,Enrolled
0.4177240465274831,0.3051503713610486,0.27712558211146826,Enrolled
0.001963559154990766,0.0023373131485599063,0.9956991276964493,Dropout
0.6204743380911768,0.006171181680692136,0.3733544802281311,Enrolled
0.00850530574468244,0.9705688327182818,0.020925861537035618,Graduate
0.2806883970963373,0.5812110289877919,0.13810057391587077,Enrolled
0.0011720997569376705,0.00037067656542756725,0.9984572236776349,Dropout
0.03276115854110169,0.9474378545115294,0.019800986947368943,Graduate
0.8189763658098569,0.04340933132907241,0.1376143028610708,Enrolled
0.009697980601692862,0.9844469659193787,0.0058550534789285555,Graduate
0.15281903872403382,0.7750732343640608,0.07210772691190528,Graduate
0.04591066013244299,0.23321438374576633,0.7208749561217906,Dropout
0.39028452218645715,0.3302398692361372,0.2794756085774058,Graduate
0.03334528032333712,0.003614882972618173,0.9630398367040447,Dropout
0.014289752124648726,0.0011592830937512087,0.9845509647816001,Dropout
0.09448173190886344,0.8849042560583356,0.02061401203280092,Graduate
0.10121305456136194,0.8139845617647725,0.08480238367386557,Enrolled
0.5976384795733608,0.20170431700310182,0.20065720342353732,Enrolled
0.15589629030304203,0.10646272341024479,0.7376409862867132,Dropout
0.013507797596182682,0.9821856767777062,0.004306525626111022,Graduate
0.00024246386195062822,0.00019951452310654002,0.9995580216149428,Dropout
0.005583465763236443,0.0003498572145310422,0.9940666770222326,Dropout
0.04824951012291161,0.1371040524047733,0.8146464374723151,Graduate
0.03302675358479639,0.0016259655499213858,0.9653472808652822,Dropout
0.0030959160381851154,0.9915976550044197,0.005306428957395174,Graduate
0.02865357452397824,0.9509559559771988,0.020390469498822957,Graduate
0.021837439408582397,0.9722473943468061,0.005915166244611484,Graduate
0.6968850260856667,0.11513741714733697,0.18797755676699626,Enrolled
0.06506111200822015,0.01630943352364499,0.9186294544681349,Dropout
0.3920575031864384,0.0020210538069865896,0.605921443006575,Enrolled
0.008224771039290056,0.0020274651507988916,0.989747763809911,Dropout
0.01778193156786102,0.0016595619098874878,0.9805585065222514,Dropout
0.04101206341513563,0.9294879216036418,0.02950001498122256,Graduate
0.6662000851850107,0.2189088304177775,0.11489108439721168,Graduate
0.10156844797601686,0.8600547838308616,0.03837676819312145,Graduate
0.5056025652348528,0.3106717368906253,0.18372569787452186,Enrolled
0.017097081274766144,0.9776331305601352,0.005269788165098614,Graduate
0.009497279123557698,0.0006416832439238087,0.9898610376325184,Dropout
0.01981257968511372,0.9648373649280393,0.015350055386847016,Graduate
0.20817968348029564,0.004234602351149849,0.7875857141685546,Dropout
0.19065220113945303,0.7413124569369208,0.06803534192362617,Graduate
0.9175687645414727,0.025008030704988873,0.057423204753538355,Graduate
0.611993353268758,0.009867360567588331,0.3781392861636536,Enrolled
0.10218306838005714,0.8524480149423964,0.04536891667754644,Graduate
0.05780210109663821,0.9070811933708584,0.03511670553250339,Graduate
0.6132242864096155,0.31547074278903936,0.07130497080134518,Enrolled
0.04015293905353637,0.0018619376187227075,0.9579851233277409,Dropout
0.020559888904007517,0.0027942292894106964,0.9766458818065817,Dropout
0.2865530957477618,0.003280641089467455,0.7101662631627709,Dropout
0.025138313169169132,0.003702826272236468,0.9711588605585944,Dropout
0.002287116359678951,0.991678699298402,0.006034184341918855,Graduate
0.49970527369312906,0.13305182442386182,0.367242901883009,Enrolled
0.03647768126949951,0.9512470396782231,0.012275279052277308,Graduate
0.009384336396611842,0.0027577370807826854,0.9878579265226055,Dropout
0.7593399205701331,0.03325729236339282,0.20740278706647405,Enrolled
0.6991519581734219,0.014878008798532042,0.2859700330280462,Enrolled
0.0011081232540002598,0.0004804420013516127,0.9984114347446482,Dropout
0.019463299356489695,0.9551462157411515,0.025390484902358738,Graduate
0.052095437990920604,0.0019650948458141398,0.9459394671632652,Dropout
0.027923699836079445,0.95743137790236,0.014644922261560521,Graduate
0.0024768572590839967,0.0008522835168067161,0.9966708592241093,Dropout
0.6237387176541478,0.06226170929219485,0.31399957305365733,Enrolled
0.1371245289114463,0.846908868057017,0.015966603031536606,Graduate
0.8119048657378644,0.006784657771123982,0.1813104764910116,Dropout
0.5036914835986451,0.03703329400123064,0.4592752224001243,Dropout
