pred_Enrolled,pred_Graduate,pred_Dropout,true
0.3767021936437209,0.5690118463644981,0.054285959991781145,Graduate
0.03276957732767462,0.05565832450106924,0.9115720981712562,Dropout
0.020830094510419818,0.005290893144494544,0.9738790123450857,Dropout
0.10261530033166553,0.0020703224258565075,0.895314377242478,Dropout
0.01600656905200209,0.000300135214966563,0.9836932957330314,Dropout
0.04584963388836395,0.0004771966919765436,0.9536731694196594,Dropout
0.23019901344150254,0.718627496905673,0.05117348965282456,Graduate
0.5499711785323337,0.004993393242158804,0.44503542822550746,Enrolled
0.10620736266431906,0.8149386289410496,0.07885400839463148,Dropout
0.017264725129989302,0.002165379029600446,0.9805698958404102,Dropout
0.018197177613468885,0.007641696663117128,0.9741611257234141,Dropout
0.04032007133669067,0.17474375817325,0.7849361704900593,Dropout
0.16303535939374655,0.7987451545492721,0.038219486056981354,Graduate
0.0355778795993833,0.0016434784692943162,0.9627786419313225,Dropout
0.08117846858434227,0.005363037318985497,0.9134584940966722,Enrolled
0.03283787544540028,0.9349764995751694,0.03218562497943045,Graduate
0.004450649479611711,0.0019068219745101245,0.9936425285458783,Dropout
0.03518172348033846,0.0056978556563587095,0.9591204208633028,Dropout
0.06712435484316413,0.8996222924713511,0.03325335268548486,Graduate
0.6800053130133908,0.11504039129803666,0.20495429568857254,Enrolled
0.1407580612125355,0.8360419408418654,0.023199997945599012,Graduate
0.782393980369676,0.15138168330503546,0.06622433632528846,Enrolled
0.5040847766523888,0.04633646187257451,0.44957876147503667,Dropout
0.3500537731979014,0.5473385243173097,0.10260770248478905,Graduate
0.003997777595823998,0.9915158428113668,0.004486379592809214,Graduate
0.022168966326770366,0.00047217248093659196,0.9773588611922931,Dropout
0.005868052366858209,0.002756418554797094,0.9913755290783447,Dropout
0.2950869121892856,0.6494251532295622,0.05548793458115224,Enrolled
0.6720023778152439,0.2337027854661705,0.09429483671858578,Enrolled
0.06279732712865312,0.003460917038287565,0.9337417558330593,Dropout
0.1713237258010164,0.7842846470500664,0.04439162714891705,Graduate
0.602224602176241,0.3564494418738512,0.04132595594990787,Graduate
0.6240541521309337,0.27410854615976904,0.10183730170929726,Enrolled
0.25941065081126363,0.6626937765350688,0.07789557265366756,Graduate
0.10655041375804482,0.8703687571431968,0.023080829098758315,Graduate
0.024694653116144022,0.002648124901526137,0.9726572219823298,Dropout
0.03589222623552117,0.9531998780012679,0.010907895763210882,Graduate
0.18482905934449767,0.7627149591568363,0.05245598149866618,Graduate
0.004298776053147859,0.00013295408081763943,0.9955682698660345,Dropout
0.45549408145621695,0.4299149216230453,0.11459099692073788,Enrolled
0.006057672636020256,0.001306258709994469,0.9926360686539853,Dropout
0.08434132825282664,0.8988637074766356,0.0167949642705379,Enrolled
0.031232824784044537,0.9303642291279158,0.038402946088039694,Graduate
0.3672165200780088,0.5579607356739132,0.07482274424807787,Graduate
0.039762577680883274,0.9470665698064493,0.01317085251266738,Graduate
0.041288937669222286,0.941855904694449,0.01685515763632868,Graduate
0.37031318099925264,0.40292887521684223,0.226757943783905,Enrolled
0.10423771418818281,0.8272133338915769,0.06854895192024013,Enrolled
0.021034509855803022,0.007597237335774945,0.9713682528084221,Dropout
0.8844124983894586,0.01704145548201954,0.0985460461285217,Enrolled
0.8166588971042907,0.043200800141697464,0.14014030275401168,Enrolled
0.066302476011461,0.9174426473252719,0.01625487666326709,Graduate
0.4745249711000453,0.4624015016070567,0.063073527292898,Graduate
0.10107344012220838,0.8678038005915935,0.03112275928619809,Graduate
0.13041071642600416,0.8531199590905514,0.01646932448344452,Graduate
0.6901964988830506,0.16750257037630736,0.14230093074064215,Enrolled
0.0354133683436592,0.933882271933494,0.030704359722846967,Graduate
0.2621972982159154,0.7012627673918729,0.036539934392211725,Graduate
0.07371687400210283,0.9043733382939384,0.02190978770395886,Enrolled
0.1088738812460881,0.8289361623336162,0.06218995642029546,Graduate
0.5134743072671791,0.391803747593079,0.09472194513974194,Graduate
0.06996078959161255,0.004808094028098981,0.9252311163802883,Dropout
0.17440819312274441,0.0045055877771343015,0.8210862191001211,Dropout
0.8848658656001074,0.0038686508440780986,0.11126548355581452,Enrolled
0.028433129956658715,0.95267170107685,0.018895168966491478,Graduate
0.03479131781518045,0.9424841043106312,0.022724577874188356,Graduate
0.003376739532383652,0.00030823050432938456,0.9963150299632869,Dropout
0.19855528975616588,0.09901410962694537,0.7024306006168889,Enrolled
0.013034048971844563,0.002930393613169425,0.9840355574149862,Dropout
0.3096808846470189,0.011372945979800172,0.678946169373181,Dropout
0.02158302163207602,0.9696762297826363,0.008740748585287707,Graduate
0.1638130223191885,0.7583619994576704,0.07782497822314105,Graduate
0.004386152338564779,0.9831965110300298,0.012417336631405495,Graduate
0.28688034811612195,0.6409807898048598,0.07213886207901822,Enrolled
0.24611838739725958,0.695359031812606,0.0585225807901343,Graduate
0.08037568572127692,0.8090355481469709,0.11058876613175216,Graduate
0.17121509372497035,0.684404067461518,0.14438083881351166,Enrolled
0.3286113922033547,0.6101284404893095,0.061260167307335744,Graduate
0.02226190090990963,0.9589661979481221,0.018771901141968046,Dropout
0.006817474557697859,0.9872001483054756,0.005982377136826445,Graduate
0.052523615542338864,0.002586291928078601,0.9448900925295826,Dropout
0.014504866423698677,0.9745694096170437,0.010925723959257411,Graduate
0.1877140318192253,0.013517205534942168,0.7987687626458324,Dropout
0.4911588482999909,0.3096267828734822,0.19921436882652696,Graduate
0.05345226859288493,0.001152230182435377,0.9453955012246797,Dropout
0.010639580059090971,0.9818398239734261,0.0075205959674828245,Graduate
0.0027472265268925163,0.0016361418941416956,0.9956166315789658,Dropout
0.024641121770151198,0.0044188430936073385,0.9709400351362415,Dropout
0.0616667030017677,0.9246686185448619,0.013664678453370334,Enrolled
0.021102359875576078,0.9625172113553069,0.016380428769117213,Graduate
0.005998270955393565,0.984175911029231,0.009825818015375498,Graduate
0.012214057829291872,0.000997510698164979,0.986788431472543,Dropout
0.4705224870608668,0.35651810008228624,0.17295941285684704,Enrolled
0.1205921232375658,0.13819065604285422,0.74121722071958,Dropout
0.019413801820405148,0.0007492999487564533,0.9798368982308384,Dropout
0.11526905877708882,0.8361949535735878,0.04853598764932352,Graduate
0.30969330403460626,0.6506191122064873,0.03968758375890648,Enrolled
0.7504393164690359,0.062074002346277926,0.18748668118468603,Enrolled
0.010118586851389565,0.9813496869464945,0.008531726202115996,Graduate
0.17299399030727144,0.010300761272261908,0.8167052484204667,Dropout
0.054783711326082715,0.9065903655037599,0.038625923170157436,Graduate
0.013107118319837522,0.9779306678225483,0.008962213857614254,Graduate
0.3221306829729152,0.6160301298310897,0.06183918719599506,Enrolled
0.056052074872808916,0.03792206562877886,0.9060258594984122,Dropout
0.346075592683448,0.47429000013633543,0.17963440718021667,Graduate
0.2717509467764604,0.6921166148487913,0.036132438374748395,Graduate
0.4231963897280561,0.008889859720593071,0.5679137505513508,Dropout
0.009821611171621586,0.9785265044697535,0.011651884358624964,Graduate
0.040674099805856116,0.9458225824348986,0.01350331775924534,Graduate
0.309041990451941,0.6162890019558414,0.07466900759221773,Enrolled
0.28768151110805446,0.005604607347290359,0.7067138815446552,Dropout
0.05031814649733175,0.9057317752137836,0.04395007828888466,Graduate
0.2032674579748848,0.7377781211962947,0.058954420828820464,Enrolled
0.7657687867535359,0.06888773490155546,0.1653434783449086,Enrolled
0.15324398614215082,0.8102234783118827,0.03653253554596651,Graduate
0.034426713353655984,0.9484122251968564,0.017161061449487536,Graduate
0.27501021855375923,0.458259915627447,0.2667298658187937,Dropout
0.013897384675743965,0.9665753467109449,0.019527268613311312,Graduate
0.03276704844031577,0.940047420346553,0.02718553121313128,Graduate
0.05496795754957289,0.9305655052499738,0.01446653720045319,Graduate
0.07950926923705734,0.01999590642208614,0.9004948243408564,Dropout
0.015186133789298808,0.9438963347570997,0.04091753145360154,Graduate
0.5640547130713672,0.06161373891791822,0.37433154801071455,Enrolled
0.025827060568574305,0.007997578766657538,0.9661753606647682,Dropout
0.02415630711984761,0.9646066891562874,0.011237003723865024,Graduate
0.04620351199940039,0.9114185143990973,0.04237797360150225,Graduate
0.025066023981552287,0.006553929034069111,0.9683800469843786,Dropout
0.38007383541493533,0.5737686201309204,0.0461575444541443,Enrolled
0.04405645043376877,0.9430422647574478,0.012901284808783508,Graduate
0.031434136492383156,0.9521803693725048,0.016385494135111936,Graduate
0.1112452628508339,0.871062970564268,0.017691766584898013,Enrolled
0.02041170695149304,0.9730745106468618,0.006513782401645118,Graduate
0.7401562547843591,0.10039405889582594,0.15944968631981504,Enrolled
0.6443532041711768,0.3039605217597919,0.051686274069031264,Graduate
0.33913529469362064,0.15066793686586144,0.5101967684405179,Dropout
0.011991617767047857,0.9818833321518254,0.006125050081126617,Graduate
0.254364675645467,0.7264989375465967,0.019136386807936383,Graduate
0.02317434394155475,0.9622171680511494,0.014608488007295778,Graduate
0.01257388194814573,0.9534100095131947,0.03401610853865954,Graduate
0.010782218444518437,0.025489304198000655,0.9637284773574809,Dropout
0.7941290255623252,0.055434602818063616,0.1504363716196112,Enrolled
0.005175432409943119,0.9819283329731444,0.012896234616912371,Graduate
0.1305232292719026,0.8368874749603367,0.03258929576776067,Graduate
0.010501376331997278,0.9665770233082038,0.022921600359798917,Graduate
0.016299206174870916,0.0014205862630108023,0.9822802075621183,Dropout
0.18636164519205597,0.7830925507989343,0.030545804009009785,Enrolled
0.0884005312640707,0.8985403917571324,0.013059076978796862,Graduate
0.16717585411794306,0.007666178100885186,0.8251579677811718,Dropout
0.04065594937596805,0.9409296880091372,0.01841436261489462,Graduate
0.0411668281958642,0.9194760294134436,0.039357142390692296,Graduate
0.1491922484979588,0.8220086540466822,0.028799097455358868,Enrolled
0.013192475618496548,0.9736940969704307,0.013113427411072593,Graduate
0.0421803025129248,0.8243488831799618,0.1334708143071134,Graduate
0.1317679466395047,0.8287809105355874,0.03945114282490785,Graduate
0.0006450452082273432,0.0006981914720917751,0.9986567633196809,Dropout
0.06439018768674987,0.8927609234243907,0.042848888888859425,Graduate
0.251465843685072,0.7116826264992459,0.036851529815682224,Graduate
0.07296669697222356,0.0026958324511357113,0.9243374705766406,Dropout
0.08744188814044322,0.8989638139553564,0.013594297904200503,Graduate
0.554437824963519,0.23832227505747922,0.2072398999790018,Enrolled
0.015286262593224829,0.002709147417986098,0.9820045899887891,Dropout
0.01396199155736568,0.97662864448008,0.00940936396255427,Graduate
0.13654703822857653,0.8276186581789712,0.035834303592452266,Graduate
0.04016805059604691,0.0029257075041969594,0.9569062418997561,Enrolled
0.06321708556415372,0.8989012674192822,0.037881647016564095,Graduate
0.5282790364806983,0.043501584826717475,0.42821937869258414,Enrolled
0.12636719967460275,0.8020376530338923,0.07159514729150483,Graduate
0.21916930755302932,0.6922238859037599,0.08860680654321071,Graduate
0.014516029033261933,0.9763786449525553,0.009105326014182574,Graduate
0.032181236568013485,0.9304867769391821,0.037331986492804344,Enrolled
0.0019970587175069518,0.0003765438192046223,0.9976263974632884,Dropout
0.04427805085962294,0.9455909787615236,0.010130970378853242,Graduate
0.0036898270532925936,0.9880889215864451,0.0082212513602623,Graduate
0.06502127688671487,0.7290231507128145,0.2059555724004705,Graduate
0.15556939742221373,0.7731916780629712,0.07123892451481492,Graduate
0.09314497288879331,0.8623278627175371,0.04452716439366962,Graduate
0.47234715877975764,0.007872143026050769,0.5197806981941916,Dropout
0.05166299372314141,0.9279922801307806,0.020344726146078036,Graduate
0.011404079485151063,0.9769927838804423,0.011603136634406855,Graduate
0.13999459749334478,0.8278509957947281,0.032154406711927125,Graduate
0.021997824230674902,0.001783478749930991,0.9762186970193941,Dropout
0.7554225662598553,0.09948612435419626,0.1450913093859485,Enrolled
0.46835923725582695,0.4593120636551769,0.07232869908899611,Graduate
0.0030957780590283902,0.9930631699720492,0.0038410519689223745,Graduate
0.10303920279850906,0.004389295786566529,0.8925715014149244,Enrolled
0.08599970922172766,0.8707919265360115,0.04320836424226086,Graduate
0.3767623654647182,0.5558598029506979,0.06737783158458381,Enrolled
0.8009455189897149,0.054828944624641794,0.1442255363856433,Enrolled
0.17164797481068392,0.8045859966974906,0.023766028491825426,Graduate
0.7905068336634126,0.01776737041105362,0.1917257959255339,Enrolled
0.10297545897575178,0.8067675017780525,0.09025703924619563,Graduate
0.04420433866782908,0.9236877381570576,0.032107923175113275,Graduate
0.04243129112056078,0.941381751999359,0.01618695688008027,Graduate
0.03241650071340718,0.9426383227135623,0.02494517657303054,Graduate
0.04315962627794219,0.9486580123558445,0.008182361366213309,Graduate
0.7017159488654171,0.056475601105974126,0.24180845002860887,Dropout
0.03979724334258151,0.9473782456341336,0.012824511023284722,Graduate
0.005120378661226837,0.9820906940176943,0.01278892732107899,Graduate
0.032879967047203786,0.005110155034670072,0.9620098779181261,Dropout
0.004369693521052072,0.9899660039635247,0.005664302515423033,Graduate
0.10040110979723439,0.8457562184159841,0.05384267178678136,Graduate
0.011841647508347562,0.9826009032456896,0.005557449245962934,Graduate
0.46746298742771,0.4723765650010246,0.060160447571265416,Graduate
0.09125536387020834,0.006406891521342778,0.9023377446084488,Dropout
0.020079006912190084,0.005081478526296227,0.9748395145615136,Dropout
0.04231414770091503,0.91513996298717,0.04254588931191499,Graduate
0.799721704545221,0.0789084458900291,0.12136984956475004,Dropout
0.05150067405432243,0.029781823514661465,0.9187175024310161,Dropout
0.0019631165031423984,0.0013279181277868913,0.9967089653690707,Dropout
0.40210100335796156,0.4496517236682562,0.14824727297378226,Graduate
0.05558319674425672,0.9198958940018951,0.024520909253848304,Graduate
0.006425095566933732,0.0009393837088799004,0.9926355207241863,Dropout
0.24318070736027356,0.008114781849051806,0.7487045107906746,Enrolled
0.04227111065859052,0.9497643003353217,0.007964589006087828,Graduate
0.3079869763949594,0.6309807026076322,0.061032320997408324,Graduate
0.004895394108089307,0.9855483091790465,0.00955629671286423,Graduate
0.014416808746792287,0.9743580103181707,0.01122518093503712,Graduate
0.009976532754812964,0.0015458179546936398,0.9884776492904933,Dropout
0.023570768452960023,0.9550444318269433,0.02138479972009657,Graduate
0.009411149515112092,0.9716078185256357,0.018981031959252215,Graduate
0.7041626488069526,0.12164301876249675,0.17419433243055057,Graduate
0.03333928722766142,0.007324571842873677,0.959336140929465,Dropout
0.23237562657077496,0.005074853744098862,0.7625495196851261,Dropout
0.18668286000297615,0.7821354507056884,0.031181689291335492,Graduate
0.08727938527865223,0.9006789644800701,0.012041650241277709,Graduate
0.47403196878104703,0.03906820750574312,0.4868998237132098,Dropout
0.00998660223581938,0.004348990282325017,0.9856644074818557,Dropout
0.07168223811779048,0.8947261428214215,0.033591619060788,Graduate
0.04769909671111804,0.9313464178436075,0.02095448544527429,Graduate
0.06500118472858266,0.09501553182249345,0.8399832834489239,Dropout
0.010267749423792516,0.0002622295066299809,0.9894700210695775,Dropout
0.33857468625936704,0.44680293410372934,0.21462237963690373,Graduate
0.6137719030230974,0.26300871931260705,0.12321937766429554,Graduate
0.05741593626071961,0.003927344823384813,0.9386567189158955,Dropout
0.10290519551068149,0.8062375590352944,0.0908572454540243,Graduate
0.3763380872845176,0.08478142753233919,0.5388804851831431,Enrolled
0.09158170150887555,0.8803103735742397,0.028107924916884738,Graduate
0.03475474813554478,0.8888880227756254,0.0763572290888298,Graduate
0.011892855306418768,0.9789121163666994,0.009195028326881762,Graduate
0.4515192465355397,0.3379869400955187,0.2104938133689416,Dropout
0.00868741173169181,0.003965335416341706,0.9873472528519666,Dropout
0.0076423138804180115,0.9815095922922183,0.01084809382736364,Graduate
0.1977537716173477,0.7866737025342172,0.015572525848434968,Graduate
0.021573360255941212,0.9665214012041679,0.011905238539890896,Graduate
0.038960509535131846,0.9261598936331314,0.0348795968317368,Graduate
0.444461509667921,0.42548438654816295,0.13005410378391608,Graduate
0.013887697476853464,0.9787161630992662,0.007396139423880183,Graduate
0.01186948766927784,0.0023743201678899195,0.9857561921628322,Dropout
0.022747284392636118,0.9638901790457823,0.013362536561581493,Enrolled
0.7136011685615725,0.08151133838479396,0.20488749305363357,Enrolled
0.8096454267679412,0.022196584909457077,0.16815798832260165,Enrolled
0.045880811861144725,0.9239808905901495,0.03013829754870567,Graduate
0.008304831178023643,0.9742466582665985,0.01744851055537803,Graduate
0.8355602022394719,0.06332488989539915,0.10111490786512888,Enrolled
0.42746563865208287,0.05361773467560361,0.5189166266723136,Dropout
0.14554329021273596,0.743585350876473,0.11087135891079118,Dropout
0.6586543271729407,0.24211148077658715,0.09923419205047214,Enrolled
0.771199493639399,0.197325158131767,0.031475348228833994,Enrolled
0.01795831445700376,0.9379571624688071,0.04408452307418917,Graduate
0.060111038068718044,0.9186410494277487,0.021247912503533306,Graduate
0.6588212537409881,0.26568308555747017,0.0754956607015418,Enrolled
0.4240324436746574,0.30553245534600576,0.2704351009793368,Enrolled
0.02364800383356984,0.9652227243781668,0.011129271788263317,Graduate
0.11035284328264065,0.003021245365128456,0.8866259113522309,Dropout
0.40771286499253584,0.4965626527238079,0.0957244822836563,Enrolled
0.6889280782344255,0.2697080722200389,0.04136384954553556,Graduate
0.13124049929860956,0.810631547931576,0.05812795276981433,Graduate
0.08330618682218048,0.886097183878087,0.03059662929973241,Enrolled
0.00916337244070186,0.000975560545066943,0.9898610670142313,Dropout
0.004273278628638549,0.002027395140448078,0.9936993262309134,Dropout
0.02991185454217414,0.005290473149141031,0.9647976723086847,Enrolled
0.03183736947352154,0.004868989067708184,0.9632936414587704,Dropout
0.8016842696641981,0.08943488454363865,0.10888084579216327,Enrolled
0.3539800917320278,0.5912923709818371,0.05472753728613521,Graduate
0.26043525817933855,0.6991868899954666,0.040377851825194926,Graduate
0.008690888938737248,0.9770115556344321,0.014297555426830671,Graduate
0.008154805634116701,0.007490974789430853,0.9843542195764525,Dropout
0.7413451030130842,0.10013608371231128,0.15851881327460451,Enrolled
0.051096234299248304,0.9265999377389622,0.02230382796178959,Graduate
0.09487944770570496,0.8903275610106343,0.014792991283660687,Graduate
0.002608387716691533,0.0010732027238642453,0.9963184095594443,Dropout
0.04190789081359545,0.2260134106999749,0.7320786984864296,Dropout
0.10534043712527824,0.002723184249592753,0.8919363786251289,Dropout
0.15642198899232257,0.7717046907244838,0.07187332028319374,Enrolled
0.004618105096365792,0.9896464404096412,0.005735454493992899,Graduate
0.022081263090246103,0.9697300564756588,0.008188680434095116,Graduate
0.5106290862193091,0.1820151452684165,0.3073557685122743,Dropout
0.029213162191731687,0.9498512458618914,0.020935591946377133,Graduate
0.017944404398651092,0.0033271811451392446,0.9787284144562097,Dropout
0.14394111617937103,0.8182466614752719,0.03781222234535703,Graduate
0.10477967333133593,0.8651266170424589,0.030093709626205226,Graduate
0.5133099170543914,0.40620162101125856,0.08048846193435008,Graduate
0.05881576299768432,0.9012241522486495,0.03996008475366616,Graduate
0.023468494144394364,0.952464303461124,0.024067202394481606,Graduate
0.23283834402117676,0.7109536329195221,0.056208023059301254,Graduate
0.013889624469410621,0.001768028611860789,0.9843423469187286,Dropout
0.005664305720012367,0.9780092376152196,0.016326456664768167,Graduate
0.03165637744415159,0.9610868864468305,0.007256736109018001,Graduate
0.014540733401946058,0.0014922153102486556,0.9839670512878054,Dropout
0.01653692756585049,0.9763207856636098,0.007142286770539719,Graduate
0.0006141087395448842,0.0008951675149675588,0.9984907237454875,Dropout
0.010332698780385435,0.9750752102876306,0.014592090931984101,Dropout
0.060481555048855114,0.002899491659913327,0.9366189532912316,Dropout
0.7273639588778424,0.12827753308372314,0.1443585080384345,Dropout
0.004823144549481015,0.0005833409310248377,0.9945935145194942,Dropout
0.4466898984482066,0.005591176384203439,0.5477189251675899,Dropout
0.0672313869184303,0.9149943906795959,0.017774222401973874,Graduate
0.7509468188870441,0.10772495478199812,0.1413282263309577,Enrolled
0.0331582223989554,0.002883692870352424,0.9639580847306921,Dropout
0.603217617665485,0.36773402826351836,0.02904835407099656,Enrolled
0.031056396448434123,0.9565778241380675,0.012365779413498458,Graduate
0.2876154765038054,0.6566301725847011,0.05575435091149344,Enrolled
0.05077305163052643,0.927060852576465,0.022166095793008742,Graduate
0.6096087019436511,0.27741441520547994,0.11297688285086885,Enrolled
0.010177187272566099,0.9334864204041127,0.05633639232332126,Graduate
0.39512608800617616,0.2080196665644963,0.39685424542932757,Enrolled
0.45303909131127135,0.4537171870781847,0.09324372161054387,Enrolled
0.24207729656927035,0.47373397630273384,0.2841887271279959,Graduate
0.3675597841751468,0.31366503510255966,0.3187751807222935,Enrolled
0.011571556556561297,0.958131625784426,0.030296817659012657,Graduate
0.712401329452239,0.1886184350301403,0.0989802355176207,Enrolled
0.02466240084166545,0.9587885417042221,0.01654905745411238,Graduate
0.13077955643658412,0.8071519452029738,0.062068498360442176,Graduate
0.04213462910068777,0.004309724304440538,0.9535556465948716,Dropout
0.6834773697767156,0.02644842451299806,0.2900742057102864,Enrolled
0.01731972742956631,0.9707129672482958,0.011967305322138124,Graduate
0.05196529511008622,0.0026396667077800773,0.9453950381821337,Enrolled
0.07154150516543381,0.80208055111964,0.12637794371492614,Dropout
0.0021963035754930292,0.0005586205902009547,0.9972450758343059,Dropout
0.4789834716644059,0.2878706544856895,0.23314587384990448,Enrolled
0.12255171729818891,0.8506933779357744,0.026754904766036636,Enrolled
0.31238820884346247,0.5364878383807112,0.15112395277582633,Graduate
0.1296952086928328,0.7582838258802916,0.11202096542687562,Graduate
0.048281592812589834,0.9419854362678413,0.009732970919568991,Graduate
0.0175882399441043,0.9659290374255339,0.01648272263036163,Graduate
0.0037234241416548145,0.0033241989321178196,0.9929523769262274,Dropout
0.021068508036250794,0.0021814095199007718,0.9767500824438485,Dropout
0.03009986622799482,0.9215316540165281,0.04836847975547683,Graduate
0.016474994512284947,0.9693607669895247,0.014164238498190394,Graduate
0.025689670902618478,0.004337935652168503,0.9699723934452131,Dropout
0.22470789570161023,0.6149516509964777,0.160340453301912,Enrolled
0.003513682638077149,0.0005960189519596257,0.9958902984099633,Dropout
0.07737386929027003,0.1516965662291542,0.7709295644805758,Graduate
0.4843208068486449,0.4075314387142718,0.10814775443708328,Enrolled
0.059358348166321115,0.9348828333375475,0.005758818496131472,Graduate
0.009324186399548264,0.002253426623765391,0.9884223869766863,Dropout
0.04108386607128611,0.9431995319364095,0.01571660199230448,Graduate
0.8142191035457644,0.1179998631744539,0.0677810332797816,Enrolled
0.2341925946571703,0.6697067452740505,0.0961006600687791,Graduate
0.023426558221528067,0.9681920350438598,0.008381406734612294,Graduate
0.29205864362912115,0.5127260054807555,0.19521535089012326,Graduate
0.015690762979835512,0.9711781472493946,0.013131089770769912,Graduate
0.04826830113906249,0.0104149061678601,0.9413167926930773,Dropout
0.011636030688382351,0.0032245992913402417,0.9851393700202774,Dropout
0.6377954349243364,0.10982972496438834,0.25237484011127514,Enrolled
0.024223554079727212,0.9632819968006757,0.012494449119597028,Graduate
0.016489294183083262,0.9751596314959764,0.008351074320940234,Graduate
0.07634959019557548,0.9133215975190458,0.010328812285378698,Graduate
0.17824433381958726,0.774487032400221,0.04726863378019167,Graduate
0.0701236764030316,0.005705080367557112,0.9241712432294114,Dropout
0.005643206812683349,0.9872743528503316,0.007082440336985182,Graduate
0.03773273065938423,0.9456516690116051,0.01661560032901069,Graduate
0.06267843491149547,0.9295175761028358,0.007803988985668842,Graduate
0.014985539975753937,0.9653659619035662,0.019648498120679873,Graduate
0.06839873042467504,0.9112827695310359,0.020318500044289083,Graduate
0.05089047705109502,0.12911201535122302,0.819997507597682,Dropout
0.0072375020222101094,0.0006993107317415829,0.9920631872460483,Dropout
0.009092306308230469,0.0020096212594142814,0.9888980724323554,Dropout
0.03876463681001829,0.9387810074939771,0.02245435569600468,Graduate
0.024599381709085343,0.0008814240700349832,0.9745191942208797,Dropout
0.33170225231732686,0.5977158206996259,0.07058192698304726,Graduate
0.2963368922392354,0.6410153896803817,0.06264771808038277,Enrolled
0.055134726574612124,0.21385047904463578,0.7310147943807521,Dropout
0.7925887174277841,0.07525216162927931,0.13215912094293647,Enrolled
0.021133189690745232,0.00465071541848894,0.9742160948907658,Dropout
0.07831080369528284,0.8946018428096167,0.027087353495100348,Graduate
0.009040407878743667,0.00019107275857051462,0.9907685193626858,Dropout
0.21992982300887656,0.0033314383315542176,0.7767387386595692,Dropout
0.026303192321202547,0.9595168738090827,0.014179933869714861,Graduate
0.8156523252061675,0.10391000797704655,0.08043766681678605,Enrolled
0.017236435318238152,0.0022144676279955114,0.9805490970537662,Dropout
0.3799226762035765,0.5909407002355528,0.02913662356087055,Enrolled
0.23118315417984178,0.6702970111418672,0.098519834678291,Graduate
0.0017537011042426662,0.001172924695750971,0.9970733742000064,Dropout
0.14828489830954394,0.8191120454209787,0.03260305626947732,Graduate
0.005348257156845896,0.9830769739022571,0.011574768940896863,Graduate
0.7076522732904261,0.07594440807266734,0.2164033186369066,Enrolled
0.21088725396704358,0.7547632558297948,0.03434949020316167,Enrolled
0.03372445989707801,0.9476596158524146,0.018615924250507336,Graduate
0.4445773727297675,0.38643315783161153,0.16898946943862095,Dropout
0.005376687928183868,0.00021372147918319992,0.994409590592633,Dropout
0.170585077643077,0.8046814604300191,0.024733461926903854,Enrolled
0.5717322163532665,0.01846572997106249,0.4098020536756709,Dropout
0.08703287576321252,0.8789655534278504,0.03400157080893697,Graduate
0.11122207172039082,0.7820464356620468,0.10673149261756229,Dropout
0.10836758816994259,0.8746403723138824,0.016992039516174902,Graduate
0.0684713634020067,0.21489466550992598,0.7166339710880674,Enrolled
0.03967360019207773,0.9085313107902913,0.05179508901763112,Graduate
0.0053397008825701465,0.9717904331041802,0.022869866013249675,Dropout
0.16179614812932833,0.8026436665486811,0.0355601853219906,Graduate
0.6846386404726367,0.006531208714203812,0.30883015081315957,Enrolled
0.0033003682521238298,0.0004802613427813074,0.9962193704050949,Dropout
0.06732397912403001,0.0010336625514318035,0.9316423583245381,Dropout
0.08199940046224263,0.8872309022959434,0.030769697241814054,Graduate
0.016168217691839713,0.9709171952390322,0.01291458706912807,Graduate
0.00859675388611073,0.9690597117668,0.02234353434708936,Graduate
0.01732250149492986,0.9753561703164377,0.007321328188632487,Graduate
0.19798832366386857,0.5763726913183536,0.22563898501777802,Graduate
0.012158671001608948,0.9837107433715103,0.004130585626880578,Graduate
0.014254253092186869,0.9774042301906364,0.0083415167171768,Graduate
0.008726995278328554,0.0021741898852386866,0.9890988148364327,Dropout
0.04043987944933358,0.931639480097158,0.02792064045350838,Graduate
0.10206754535863335,0.013642923219861826,0.8842895314215048,Graduate
0.04434423321542174,0.23590333703532723,0.719752429749251,Dropout
0.07634838025138639,0.8925915650703239,0.03106005467828963,Graduate
0.09677937816184501,0.018708398496478807,0.8845122233416761,Dropout
0.0046860885340103565,0.990133520275064,0.005180391190925598,Graduate
0.1406678266115938,0.8380830697667482,0.02124910362165799,Graduate
0.6655276721352886,0.2436402801665569,0.0908320476981544,Graduate
0.022888484286015046,0.9591357392988623,0.017975776415122692,Graduate
0.1473483010916035,0.7875405873932112,0.06511111151518528,Graduate
0.12236368090883469,0.8309225746182339,0.04671374447293123,Graduate
0.46081491676524494,0.43429426333058996,0.10489081990416516,Graduate
0.11665826739267653,0.8563521334376575,0.026989599169665958,Graduate
0.07055608699762128,0.00820298827451541,0.9212409247278633,Dropout
0.1095208706392791,0.7951249020963069,0.09535422726441405,Graduate
0.6571044582911565,0.30186489312962334,0.041030648579220175,Enrolled
0.6429036951327628,0.043134015368416746,0.31396228949882043,Dropout
0.009193534712913527,0.003987583502722929,0.9868188817843636,Dropout
0.06077644423193639,0.49730867583886007,0.44191487992920353,Dropout
0.015096345668765433,0.9697895025885752,0.015114151742659473,Dropout
0.04342117754311003,0.9390007269769302,0.017578095479959865,Graduate
0.08333803643114943,0.0014056932576617617,0.9152562703111888,Dropout
0.315982265163624,0.6716043046107233,0.012413430225652774,Graduate
0.08539563371553152,0.018445825880085122,0.8961585404043834,Dropout
0.007504430310170296,0.001962738403988274,0.9905328312858414,Dropout
0.05946861718397637,0.05968322952953748,0.8808481532864861,Dropout
0.01283105527396972,0.0006827457886977923,0.9864861989373326,Dropout
0.07641822145298778,0.4341182026528048,0.4894635758942073,Graduate
0.16169917811498213,0.8183636384045201,0.019937183480497694,Graduate
0.1572279660605127,0.8192680972818726,0.023503936657614598,Graduate
0.12601518732898068,0.18338431500616909,0.6906004976648503,Enrolled
0.07918937092180955,0.8389612943640072,0.08184933471418322,Graduate
0.6287290464164115,0.02061514166631358,0.35065581191727485,Dropout
0.4224886202594105,0.41246124241091614,0.16505013732967344,Enrolled
0.45338364146352894,0.46252164356633546,0.08409471497013563,Enrolled
0.07540674856163104,0.0024812096351325657,0.9221120418032365,Dropout
0.040919161037601536,0.9349712244029211,0.024109614559477407,Graduate
0.028478000701807452,0.9638367199572688,0.007685279340923762,Graduate
0.5940904582688782,0.0016667360535524561,0.40424280567756943,Dropout
0.026386578858935552,0.38798243507790087,0.5856309860631635,Graduate
0.0057964092166815405,0.000416844154830439,0.9937867466284881,Dropout
0.1777487317616076,0.76887739541516,0.05337387282323245,Graduate
0.7571766826510445,0.06681962834514575,0.17600368900380972,Dropout
0.10030068518387891,0.5135606584234635,0.38613865639265754,Graduate
0.018021027316661255,0.0035271965988831195,0.9784517760844555,Dropout
0.06794031458739935,0.004360341780306833,0.9276993436322938,Dropout
0.8217161910489788,0.008081592058994209,0.17020221689202703,Enrolled
0.01645333502713947,0.0029390601353894786,0.980607604837471,Dropout
0.06181917263697785,0.9173805441067999,0.020800283256222206,Dropout
0.715093993403563,0.01238328139027163,0.27252272520616533,Enrolled
0.022695327812637993,0.006259600334888173,0.9710450718524737,Dropout
0.06860684238957776,0.9006500203176517,0.030743137292770596,Graduate
0.12445570912000306,0.007239105283336735,0.8683051855966603,Enrolled
0.025634293483701914,0.003313279543857572,0.9710524269724407,Dropout
0.6227034462426709,0.06577090979656099,0.31152564396076826,Enrolled
0.08986298197020073,0.02155523363272867,0.8885817843970705,Dropout
0.18365642409937516,0.7603225494730095,0.056021026427615264,Graduate
0.017867892466584226,0.9722361487418747,0.009895958791541098,Graduate
0.78351215983761,0.08789428882215247,0.12859355134023745,Graduate
0.15325274213670648,0.7852613732389879,0.06148588462430568,Graduate
0.6450024178903693,0.21545791417871643,0.13953966793091443,Enrolled
0.006061917668076138,0.0016627177496225558,0.9922753645823014,Dropout
0.02845342988083302,0.932053403673836,0.039493166445331,Graduate
0.030160758256584423,0.0050311429384419645,0.9648080988049736,Dropout
0.6664086398071121,0.09821286181506517,0.23537849837782276,Dropout
0.14132885453871188,0.006192073878019142,0.8524790715832691,Enrolled
0.004025350146157055,0.9933595044504049,0.0026151454034382304,Graduate
0.27411344225065426,0.6933420139375787,0.03254454381176713,Graduate
0.008216746466619658,0.0008625657749776127,0.9909206877584027,Dropout
0.8593268199584578,0.017426094491573667,0.12324708554996862,Enrolled
0.009218233288807715,0.9108583132795112,0.07992345343168103,Graduate
0.002045130388084141,0.0024074995347465027,0.9955473700771694,Dropout
0.2118752278687875,0.7050200863564879,0.08310468577472457,Graduate
0.09497179681099377,0.8832407763298054,0.02178742685920084,Graduate
0.029688350167803797,0.951475238081639,0.018836411750557242,Graduate
0.765227550482811,0.019611907677584226,0.21516054183960479,Graduate
0.04022313270855667,0.005893182268258109,0.9538836850231852,Dropout
0.645178142105652,0.24487227554861704,0.10994958234573086,Enrolled
0.08990673037225659,0.8853360352382917,0.024757234389451693,Enrolled
0.008894316338878815,0.00044376786304824373,0.9906619157980731,Dropout
0.009519818462613827,0.005300334469340348,0.9851798470680458,Dropout
0.042062745425900376,0.002560103457752593,0.955377151116347,Dropout
0.09864995972284439,0.8675397101399559,0.03381033013719972,Graduate
0.011825897644004078,0.9798214501253879,0.008352652230608135,Graduate
0.15517863046884317,0.8139220331405151,0.030899336390641574,Graduate
0.14320057256951585,0.7919794713851936,0.06481995604529055,Graduate
0.03541102894239948,0.9458390610661074,0.018749909991493122,Graduate
0.07645386637325392,0.8832700490657799,0.04027608456096617,Graduate
0.2112890345551856,0.12969384274874027,0.659017122696074,Enrolled
0.0362629104636105,0.012404730415619113,0.9513323591207703,Dropout
0.07004046452988166,0.8688360566810369,0.06112347878908152,Graduate
0.6641386627334768,0.04368294938602667,0.2921783878804965,Enrolled
0.11860801061373948,0.8666020892676001,0.014789900118660498,Graduate
0.011606384150327708,0.9787294242182454,0.009664191631426775,Graduate
0.23425686855305178,0.7522674431445865,0.013475688302361765,Graduate
0.26495524994377123,0.6763141090380056,0.058730641018223124,Graduate
0.0020312624924455525,0.0002036265073627656,0.9977651110001916,Dropout
0.06400086621463683,0.9036830802682095,0.032316053517153456,Graduate
0.02753959003524595,0.0008233674787220778,0.971637042486032,Dropout
0.03459875159668816,0.9420499539383702,0.023351294464941528,Graduate
0.006313016356444841,0.977349116779383,0.016337866864172372,Dropout
0.022198785244207226,0.003928458528958137,0.9738727562268346,Dropout
0.06964212837800715,0.008093643745800592,0.9222642278761922,Dropout
0.08402435038969176,0.8869264857945762,0.029049163815731863,Graduate
0.1251894682763883,0.8284659072954648,0.04634462442814708,Graduate
0.010140062107630108,0.00614709898847837,0.9837128389038914,Dropout
0.02451208546020518,0.009008393210468445,0.9664795213293265,Dropout
0.10518376894260015,0.8764566392058186,0.018359591851581182,Graduate
0.5855556132305338,0.10319462747768637,0.31124975929177967,Enrolled
0.03746546343331775,0.9485232849325176,0.014011251634164772,Graduate
0.08307667832559304,0.0065794218124208825,0.910343899861986,Dropout
0.021487276903250196,0.967426020163335,0.011086702933414884,Graduate
0.23996857599933533,0.7250577388400665,0.03497368516059823,Graduate
0.022158811236349274,0.9672911693627538,0.010550019400896813,Graduate
0.04659225840968784,0.014869981724866605,0.9385377598654455,Dropout
0.01312134280956228,0.9672429861072315,0.01963567108320626,Graduate
0.00609645557215187,0.0034906616570267355,0.9904128827708214,Dropout
0.03519956168289518,0.9513933500359334,0.013407088281171365,Graduate
0.241961712702635,0.6775402990778342,0.08049798821953087,Graduate
0.0254097955841439,0.9623626917116102,0.012227512704245908,Graduate
0.015444538293968517,0.0022509098628711926,0.9823045518431602,Dropout
0.7159162644947547,0.12149192889036108,0.16259180661488418,Enrolled
0.8264093675057671,0.07221791785208827,0.10137271464214448,Enrolled
0.09246328041013677,0.1274949620542347,0.7800417575356285,Dropout
0.014068442377933546,0.9719878808293686,0.013943676792697878,Graduate
0.301014328412223,0.6869655904009128,0.012020081186864257,Graduate
0.07584955187576621,0.1943200252597787,0.729830422864455,Dropout
0.005849756886335903,0.0010260109880408051,0.9931242321256233,Dropout
0.014867729373278057,0.9812606876972269,0.0038715829294949564,Graduate
0.052071440730176666,0.9105837741102188,0.03734478515960448,Graduate
0.24626306785583735,0.6693918177744711,0.08434511436969154,Graduate
0.05587067756697916,0.8784559689417105,0.06567335349131041,Graduate
0.011740168079133464,0.0013413190199054654,0.9869185129009611,Dropout
0.011241517303617126,0.9756753641255562,0.013083118570826686,Graduate
0.3600980442073511,0.12906096655922228,0.5108409892334266,Graduate
0.006526804142978487,0.984032760109031,0.009440435747990474,Graduate
0.13459421161594834,0.8195958027159629,0.04580998566808872,Enrolled
0.250258346302508,0.722886970433332,0.026854683264160063,Graduate
0.012070929888847361,0.979907575697614,0.008021494413538582,Graduate
0.031186150130152922,0.07215734848879422,0.8966565013810529,Dropout
0.1915402837603566,0.7944055128313997,0.014054203408243659,Enrolled
0.06829714594277746,0.0024761347506485508,0.929226719306574,Enrolled
0.5257369733265007,0.0986550915501805,0.3756079351233188,Graduate
0.8143291093255697,0.02193773664525409,0.16373315402917618,Enrolled
0.17900027336281799,0.006646044604346171,0.8143536820328359,Dropout
0.0013101099838508726,0.0015199118078257805,0.9971699782083233,Dropout
0.06301515290799081,0.9180288528622276,0.018955994229781586,Graduate
0.029076994912194568,0.006860682552560759,0.9640623225352446,Dropout
0.021944942929278132,0.0002525200726793896,0.9778025369980425,Dropout
0.09021461600760833,0.8917406312615095,0.01804475273088219,Graduate
0.08466299851902978,0.12395280284590211,0.7913841986350681,Dropout
0.012992633338780733,0.9751649488913899,0.011842417769829312,Graduate
0.1507336347195723,0.0025909013321071318,0.8466754639483206,Dropout
0.0224397396649634,0.010330672726266603,0.9672295876087701,Dropout
0.058055593686745996,0.9142644498267273,0.02767995648652679,Graduate
0.0027168107696698275,0.001664574203240681,0.9956186150270894,Dropout
0.08521288528626543,0.886891951729,0.02789516298473463,Graduate
0.10952511905584157,0.012424837007133248,0.8780500439370251,Dropout
0.022915853697611212,0.0022912536486506753,0.9747928926537381,Dropout
0.2945998147987411,0.44293822583529496,0.26246195936596395,Graduate
0.00045126520126896266,0.0008713105587003618,0.9986774242400307,Dropout
0.0520330355407296,0.9172058861432754,0.03076107831599512,Dropout
0.025344138849988755,0.0012964891302486845,0.9733593720197625,Dropout
0.3391565532087324,0.5103840391275697,0.1504594076636979,Graduate
0.13347669002235377,0.8308331887117633,0.0356901212658829,Dropout
0.02299575031668705,0.002406793199769239,0.9745974564835437,Dropout
0.022014463315008302,0.8757999621617704,0.10218557452322138,Graduate
0.5598612374497225,0.2990800709427966,0.14105869160748086,Graduate
0.16948472471223072,0.7835311784780216,0.04698409680974774,Graduate
0.14836846761524075,0.7625974769397991,0.08903405544496014,Graduate
0.012401991715764829,0.9734919271900723,0.014106081094163066,Graduate
0.5120564737981111,0.0322682938282814,0.45567523237360746,Enrolled
0.007080517959548091,0.00043777992327849013,0.9924817021171733,Dropout
