pred_Enrolled,pred_Graduate,pred_Dropout,true
0.04934514847598577,0.9293861145608107,0.021268736963203538,Graduate
0.021144152901811417,0.9728084680752475,0.006047379022941126,Graduate
0.13589350985738452,0.8310893690226276,0.033017121119988044,Graduate
0.42646103672129365,0.08891708346273618,0.4846218798159701,Enrolled
0.006666342131564784,0.9863398954634199,0.006993762405015301,Graduate
0.03133971142783906,0.9496735486245061,0.018986739947654728,Graduate
0.5260840012283308,0.10599322013451763,0.36792277863715156,Enrolled
0.021366087937018233,0.0014574095779531482,0.9771765024850286,Dropout
0.6095743953883462,0.03754084513996884,0.35288475947168496,Enrolled
0.08490280358624845,0.012403648634693199,0.9026935477790583,Dropout
0.0807602089502132,0.8475139177810489,0.071725873268738,Graduate
0.005021673523167648,0.9884439700331371,0.006534356443695167,Graduate
0.6647610625772022,0.12222457650930393,0.2130143609134938,Graduate
0.48906235104271867,0.4407355072167336,0.0702021417405477,Enrolled
0.023104537195359612,0.0036081795968679726,0.9732872832077725,Dropout
0.2082334323659342,0.7627611816200098,0.029005386014055962,Graduate
0.016072129240119352,0.0021699334004909995,0.9817579373593895,Dropout
0.6465584460449652,0.050899643794268375,0.3025419101607665,Enrolled
0.060451062409626,0.00258872854982627,0.9369602090405478,Dropout
0.021226782866139608,0.012050621132765858,0.9667225960010944,Dropout
0.04052297019800794,0.9460046307815155,0.013472399020476507,Graduate
0.011809723438152987,0.9783672048792685,0.009823071682578524,Graduate
0.6306044039373909,0.22811605200365387,0.14127954405895515,Graduate
0.3395591263222219,0.003937348516631229,0.6565035251611469,Dropout
0.12613920361994765,0.8533453581939247,0.02051543818612774,Graduate
0.025136787903574292,0.002874837254516731,0.9719883748419089,Dropout
0.4853250509115848,0.4756802541069824,0.03899469498143268,Graduate
0.009618880947721448,0.0006338689478326168,0.989747250104446,Dropout
0.006787201359650419,0.00039040397154284254,0.9928223946688067,Dropout
0.037396921401238556,0.0046635523166285,0.9579395262821331,Dropout
0.06393193927805922,0.0027321014408511783,0.9333359592810896,Dropout
0.006351642099975774,0.0022393938079966493,0.9914089640920276,Dropout
0.05374740140490761,0.9216605410132912,0.024592057581801247,Graduate
0.3126781439172904,0.5645908494147325,0.12273100666797711,Enrolled
0.6774027741604065,0.19361751700494986,0.12897970883464355,Enrolled
0.01004234734706569,0.0028634424831572424,0.9870942101697772,Dropout
0.005841977627408771,0.9836963501730154,0.010461672199575793,Graduate
0.01366288405713637,0.9750970888384515,0.011240027104412223,Graduate
0.019244076299682614,0.9719395331907051,0.008816390509612351,Graduate
0.28300665740810066,0.03615042113619926,0.6808429214557,Dropout
0.014122431764299328,0.9764568882842114,0.009420679951489293,Graduate
0.14441600931857856,0.12495236454078056,0.7306316261406409,Dropout
0.015994985841682605,0.0006100772033685311,0.9833949369549488,Dropout
0.25588893215199515,0.5464688000169362,0.19764226783106872,Graduate
0.02249411402015597,0.0028185781922567665,0.9746873077875873,Dropout
0.6598579347448469,0.25027702711798966,0.08986503813716355,Enrolled
0.13737812688833703,0.03495123977732415,0.8276706333343388,Dropout
0.872975897541376,0.0824395738804671,0.04458452857815688,Enrolled
0.18859143879863946,0.7210651776124519,0.09034338358890845,Graduate
0.1280732328494233,0.017077473188576952,0.8548492939619997,Dropout
0.06480393052872042,0.003119605799974253,0.9320764636713054,Dropout
0.05744337902782565,0.9205379619082527,0.022018659063921617,Graduate
0.012982241821754772,0.0033973601681717342,0.9836203980100735,Dropout
0.19658196268920416,0.7815305024367769,0.02188753487401903,Dropout
0.8696957656324333,0.02430801472000631,0.10599621964756036,Enrolled
0.3456578619710333,0.6136576158020526,0.040684522226914016,Enrolled
0.04361594968313681,0.9507762631042616,0.0056077872126017335,Graduate
0.29515002642592514,0.1534599013940088,0.5513900721800661,Enrolled
0.02166149654808633,0.9620100978868441,0.016328405565069336,Graduate
0.18830668047740184,0.7953646496283496,0.016328669894248492,Graduate
0.00980590582808949,0.963443201913695,0.026750892258215538,Graduate
0.04307894570264955,0.9288832199480048,0.028037834349345637,Graduate
0.4627222575579021,0.48921738669230225,0.04806035574979567,Graduate
0.010126693347969005,0.9839212579710509,0.00595204868098007,Graduate
0.5606799384329876,0.31829533821801687,0.12102472334899561,Graduate
0.0013310046374776351,0.0006800326555278138,0.9979889627069946,Dropout
0.06338406924188245,0.8940711680826455,0.04254476267547191,Graduate
0.011068494846755416,0.9843383940621854,0.004593111091059204,Graduate
0.33315096541648764,0.002869434053653025,0.6639796005298593,Dropout
0.0006951024595782266,0.0013722694022565219,0.9979326281381652,Dropout
0.03186321354907697,0.9164727500382276,0.05166403641269539,Graduate
0.014584390142803327,0.9738337517967887,0.011581858060408087,Graduate
0.8146796006938348,0.14775857564431913,0.03756182366184604,Enrolled
0.025915604686915804,0.9557786703749429,0.018305724938141248,Graduate
0.0005692987931726018,0.0004329558092186144,0.9989977453976089,Dropout
0.6073609913154013,0.2782761242837748,0.11436288440082387,Enrolled
0.01264138732566285,0.9791171305404712,0.00824148213386577,Graduate
0.4514744696335854,0.46486469963860133,0.08366083072781334,Graduate
0.015683317744585513,0.9758679608313363,0.008448721424078237,Graduate
0.01853596448860099,0.9739413925482089,0.007522642963190221,Graduate
0.23940709111876834,0.6991157375482903,0.061477171332941366,Graduate
0.0131567193966494,0.9613613892660554,0.02548189133729507,Graduate
0.32610752913495755,0.6009555135992365,0.07293695726580585,Graduate
0.12356284173886846,0.8134182395767917,0.06301891868433983,Graduate
0.018169235764352594,0.029230722160166436,0.9526000420754811,Dropout
0.6564458675664369,0.055437012561642095,0.28811711987192107,Enrolled
0.2718042036971829,0.6089813618894242,0.1192144344133929,Graduate
0.09654295066322034,0.014103515535977919,0.8893535338008018,Dropout
0.040567403870084166,0.9135603291044166,0.04587226702549923,Dropout
0.029900774432195822,0.9556796400275572,0.014419585540246893,Graduate
0.01480700226294758,0.9632457741752228,0.021947223561829664,Graduate
0.07266517431563563,0.8925768210617399,0.03475800462262448,Graduate
0.005539214338906078,0.9842933946048787,0.010167391056215171,Graduate
0.7025023081979896,0.0559573842516786,0.24154030755033173,Enrolled
0.0012425106781732034,0.0007071593068314944,0.9980503300149954,Dropout
0.05640937883932526,0.11434396438983938,0.8292466567708353,Dropout
0.3343866521825491,0.432745251866608,0.23286809595084293,Graduate
0.05061369745031224,0.020532353237293577,0.9288539493123941,Dropout
0.15198916023565223,0.8229676930724635,0.02504314669188417,Graduate
0.017155786886356928,0.001049355967727057,0.9817948571459159,Dropout
0.007828661141990885,0.008471543464529468,0.9836997953934797,Dropout
0.08767332303969859,0.01140231820091238,0.900924358759389,Dropout
0.03936277992716747,0.004144286500983616,0.9564929335718488,Dropout
0.010461852913005443,0.001983936065282235,0.9875542110217124,Dropout
0.6095043479578109,0.24698126228495965,0.14351438975722935,Enrolled
0.07360125029626265,0.04675319018971465,0.8796455595140228,Dropout
0.4962684804108612,0.41829293006697105,0.08543858952216787,Graduate
0.02019712270378161,0.02223004829090233,0.9575728290053162,Dropout
0.0038909746861467347,0.001309608081919486,0.9947994172319338,Dropout
0.023636674627860954,0.9635158472816063,0.012847478090532768,Graduate
0.0183804457995852,0.9679349726249898,0.013684581575425127,Graduate
0.022143014367009134,0.9530144548723636,0.024842530760627105,Graduate
0.2506358277509619,0.011572196042349513,0.7377919762066886,Dropout
0.05357203243261638,0.9075993585558046,0.038828609011579016,Graduate
0.046518262681803604,0.9357544532970734,0.017727284021122898,Graduate
0.3297511694910357,0.0027280104264271157,0.6675208200825372,Dropout
0.7198616505966955,0.17624646579855138,0.10389188360475314,Enrolled
0.22554270298842904,0.6383119909159531,0.13614530609561776,Enrolled
0.19551506518556455,0.7304397980745656,0.07404513673986979,Graduate
0.8067792917700722,0.07400468375535961,0.1192160244745681,Enrolled
0.214906702750793,0.7530709172270932,0.03202238002211378,Enrolled
0.007350781487666354,0.00045139666019321375,0.9921978218521406,Dropout
0.18266288057818658,0.7855383601606102,0.03179875926120321,Graduate
0.017376423485372265,0.003118379885470079,0.9795051966291577,Dropout
0.782229175742683,0.09749088798339266,0.12027993627392433,Enrolled
0.029940266534676657,0.963898078567168,0.006161654898155357,Graduate
0.049172555398794296,0.9272510838429324,0.02357636075827335,Graduate
0.0380886639008749,0.9394860425141497,0.022425293584975452,Graduate
0.07282671906694807,0.8542677226346523,0.07290555829839945,Enrolled
0.09132959043464525,0.8321852278408561,0.0764851817244986,Enrolled
0.5473323564792536,0.282612447464052,0.1700551960566943,Enrolled
0.11306294280832538,0.8534498438052346,0.03348721338644004,Graduate
0.276996136903914,0.008586329027061506,0.7144175340690245,Dropout
0.014650697973425848,0.9720494107735753,0.01329989125299881,Graduate
0.02991702335054599,0.6496428381928222,0.3204401384566318,Graduate
0.019747183660486466,0.9703699895641605,0.009882826775352958,Graduate
0.03367784541844101,0.9591692161114989,0.0071529384700602695,Graduate
0.5179770361793437,0.006910627409524586,0.47511233641113176,Dropout
0.05204166082922971,0.9281391726711172,0.019819166499653096,Enrolled
0.7068380661162577,0.035510373234883,0.25765156064885936,Enrolled
0.03356915380824371,0.9511597597144251,0.015271086477331317,Graduate
0.7787900514940964,0.04518445878787607,0.17602548971802756,Enrolled
0.07151300209348471,0.8972254937033026,0.03126150420321277,Graduate
0.290307392292182,0.6769585993816911,0.03273400832612699,Graduate
0.018606007592473894,0.9732520115672526,0.008141980840273557,Graduate
0.060662924890884526,0.9285292616358134,0.010807813473302116,Graduate
0.009560832462248103,0.0010547385164498284,0.989384429021302,Dropout
0.010201587372626122,0.002316234590157307,0.9874821780372167,Dropout
0.17654777376870964,0.8015211525406603,0.0219310736906302,Graduate
0.018781644256107146,0.003527118841566957,0.9776912369023258,Dropout
0.027594709261942373,0.9603633013908672,0.01204198934719049,Graduate
0.12619384321742233,0.007351198818305196,0.8664549579642724,Dropout
0.0315011325462438,0.002786305052304408,0.9657125624014519,Dropout
0.8269354789388297,0.11258506847741126,0.060479452583759134,Enrolled
0.029868054101735132,0.9573312981156082,0.012800647782656504,Graduate
0.03681898320183306,0.9348384864962744,0.028342530301892585,Graduate
0.10092795191668387,0.877586600554517,0.021485447528799228,Graduate
0.09516587231564497,0.007603602187697839,0.8972305254966573,Dropout
0.19256374639043383,0.6718054903561694,0.1356307632533967,Enrolled
0.18857483157981075,0.7254178137229583,0.08600735469723093,Graduate
0.09634334443854874,0.8835521279380808,0.02010452762337053,Graduate
0.036169219780104796,0.009205326159672452,0.9546254540602228,Dropout
0.599550510319981,0.19772699942803626,0.20272249025198277,Enrolled
0.00539818120714716,0.9914828679330465,0.003118950859806413,Graduate
0.11567215204874712,0.8323827917487807,0.05194505620247209,Graduate
0.03433600550698458,0.9459105459253003,0.019753448567715076,Graduate
0.4726973094975534,0.010788948633235079,0.5165137418692115,Dropout
0.612245608914832,0.18299836193002508,0.20475602915514285,Enrolled
0.18411567131400045,0.8013499718075464,0.014534356878453034,Graduate
0.09059561608140743,0.9003192994561187,0.009085084462473997,Graduate
0.5915036803073332,0.003780860900493737,0.404715458792173,Dropout
0.714158720535549,0.10163836618024805,0.18420291328420302,Enrolled
0.09943558817624747,0.8909440114436973,0.009620400380055445,Graduate
0.019193706900262165,0.9695031193692351,0.011303173730502755,Graduate
0.05135240768153759,0.9313259986055981,0.017321593712864337,Graduate
0.00806900895863511,0.9856192334482065,0.006311757593158334,Graduate
0.12139143003931971,0.8328668583907222,0.04574171156995804,Graduate
0.4201662489798733,0.2685250338645249,0.31130871715560177,Enrolled
0.6005620831326344,0.06008346289524482,0.3393544539721207,Dropout
0.014426026606939413,0.001980572023780885,0.9835934013692796,Dropout
0.01607389144650666,0.97392218846477,0.01000392008872332,Graduate
0.001955568234685675,0.0020052391075249926,0.9960391926577894,Dropout
0.1187636209269517,0.7951887681127636,0.08604761096028471,Graduate
0.05458838882808115,0.004361619730633111,0.9410499914412856,Dropout
0.030265124384331033,0.95300200681258,0.016732868803088885,Graduate
0.011069590977555343,0.9730885872817664,0.01584182174067819,Dropout
0.02384172391339878,0.9700356166367747,0.006122659449826611,Graduate
0.16511803432362465,0.027874430616334645,0.8070075350600407,Dropout
0.013591205999490026,0.00807134357497883,0.9783374504255311,Dropout
0.04615160002701249,0.00396121580594344,0.9498871841670441,Dropout
0.1013029571261288,0.10465388400122992,0.7940431588726412,Dropout
0.4177362074515285,0.396896720448624,0.18536707209984749,Graduate
0.08794722567428016,0.873074555615586,0.03897821871013377,Graduate
0.14670366777902544,0.8010420920668855,0.05225424015408916,Enrolled
0.21041086697332137,0.7647789201274422,0.024810212899236433,Graduate
0.5933692648580348,0.12537938178531305,0.28125135335665213,Enrolled
0.10310090942585802,0.8909656274339048,0.005933463140237056,Enrolled
0.6460977573052696,0.1656029067041435,0.1882993359905868,Enrolled
0.3157562840246556,0.4437148164487054,0.240528899526639,Dropout
0.09690144716504254,0.8834726371325291,0.019625915702428477,Graduate
0.6931312651930936,0.19621719554302602,0.11065153926388037,Graduate
0.0812123357313618,0.002753314523799418,0.9160343497448389,Dropout
0.14360478389109552,0.768047210365358,0.08834800574354662,Graduate
0.008691309813489872,0.0007532770466935555,0.9905554131398165,Dropout
0.8659296609520282,0.017239444464969257,0.11683089458300244,Graduate
0.03528451128263607,0.9522619790019528,0.01245350971541117,Graduate
0.15469929005454297,0.001736719674593613,0.8435639902708635,Dropout
0.02710414792348201,0.9350252744412139,0.037870577635304034,Graduate
0.025869203619339722,0.958030251955619,0.016100544425041316,Graduate
0.034212188568127334,0.6251829008060286,0.3406049106258441,Graduate
0.057381440379969714,0.053972032773649994,0.8886465268463803,Dropout
0.33799944415694355,0.5211594261472758,0.14084112969578053,Enrolled
0.017194171700437834,0.000854699033678308,0.9819511292658839,Dropout
0.08108415485516579,0.006638387355307627,0.9122774577895267,Dropout
0.09074390231769533,0.8876983271236131,0.021557770558691507,Graduate
0.5526596538703001,0.37761841907308147,0.06972192705661842,Enrolled
0.0036670714892702203,0.0041825221247860775,0.9921504063859438,Dropout
0.05128372032550958,0.003192107309442864,0.9455241723650476,Dropout
0.1358876837511479,0.0038264705634023025,0.8602858456854497,Dropout
0.019642135266836846,0.9683409841657211,0.012016880567442146,Graduate
0.005546527205489009,0.0006367140615417265,0.9938167587329693,Dropout
0.09370460323403826,0.0020486914641738726,0.9042467053017879,Dropout
0.009027581398180402,0.00041448395977644213,0.9905579346420431,Dropout
0.15276287144322362,0.8322489617034313,0.014988166853344989,Graduate
0.14127325049986036,0.8389553383193925,0.01977141118074702,Graduate
0.194025319588642,0.7074820496404415,0.09849263077091645,Dropout
0.05681012518574734,0.9333146465706543,0.009875228243598261,Graduate
0.032418577128337275,0.955627664396832,0.01195375847483078,Graduate
0.1675336379969356,0.7961913001566411,0.036275061846423276,Graduate
0.04802211467929663,0.0017772626571957474,0.9502006226635077,Dropout
0.09156903606660646,0.033920089703859464,0.8745108742295342,Dropout
0.6425931198983124,0.2991858484736723,0.05822103162801536,Dropout
0.0034784311050374502,0.000359745727079568,0.996161823167883,Dropout
0.7050640147615722,0.2527572237852143,0.042178761453213545,Enrolled
0.024505120203474954,0.9661751237267576,0.009319756069767392,Graduate
0.13936848352523623,0.8416684888050285,0.018963027669735236,Graduate
0.13349789313890542,0.8078495108541318,0.0586525960069628,Graduate
0.007401975660809639,0.0024523187713332423,0.9901457055678572,Dropout
0.052644803152396745,0.9383699202706491,0.008985276576954054,Graduate
0.23621810561161008,0.7204386837862076,0.04334321060218238,Graduate
0.18705303448333174,0.022258004280259563,0.7906889612364086,Dropout
0.03421000795493576,0.9489560983274793,0.016833893717584952,Graduate
0.06524854990938159,0.9210334286746991,0.013718021415919462,Graduate
0.07216582776663613,0.8821052602299317,0.04572891200343217,Graduate
0.22928919656055663,0.7003725834474035,0.07033821999203987,Enrolled
0.5207705132697628,0.3942771864734229,0.08495230025681433,Enrolled
0.06260771325118897,0.0007441699754657428,0.9366481167733453,Dropout
0.680320537302503,0.1754671326461859,0.14421233005131115,Enrolled
0.4606430151518556,0.33550293263906444,0.20385405220907998,Enrolled
0.012462588801722274,0.0005040409516429332,0.9870333702466347,Dropout
0.04046279603600465,0.9260936699549962,0.03344353400899919,Graduate
0.17573962317324585,0.7874375678137293,0.036822809013024836,Graduate
0.003627087700679701,0.0009876978611081649,0.995385214438212,Dropout
0.013641871275709169,0.018122967902759256,0.9682351608215315,Dropout
0.032217528985044534,0.9577343207597309,0.010048150255224684,Graduate
0.04171697334585057,0.9426339583400951,0.0156490683140542,Graduate
0.36976259082750335,0.570962182804951,0.05927522636754566,Graduate
0.025057631665229754,0.9635247857552102,0.01141758257956009,Graduate
0.4378215152138815,0.022200556063673337,0.5399779287224452,Dropout
0.02646031493770391,0.9584630661720923,0.015076618890203954,Graduate
0.003167637308236283,0.0006634925976326512,0.996168870094131,Dropout
0.005156791955577761,0.00036568366481080276,0.9944775243796115,Dropout
0.7792325309250108,0.003450664217729206,0.21731680485726007,Enrolled
0.0884676258523891,0.07355782718196723,0.8379745469656437,Dropout
0.005383563850690016,0.9867624642338721,0.007853971915437928,Graduate
0.012119791631517803,0.0017012863034317326,0.9861789220650504,Dropout
0.05221140973333819,0.925455641279158,0.02233294898750385,Graduate
0.4161884490705916,0.4085526563116895,0.17525889461771896,Enrolled
0.011291705180968127,0.000500869005733901,0.9882074258132979,Dropout
0.1370312971311223,0.8371027252160773,0.02586597765280033,Graduate
0.09693703204267884,0.07489836596295604,0.8281646019943651,Dropout
0.016589032825392938,0.0009141880982118937,0.9824967790763952,Dropout
0.5520035253083061,0.0016715184157660747,0.4463249562759278,Dropout
0.039060566434284405,0.007233727606518164,0.9537057059591975,Dropout
0.6002169360600705,0.10021918461122581,0.29956387932870365,Graduate
0.04703274247027147,0.9232198971163201,0.029747360413408457,Graduate
0.010832602222957602,0.004478252959009381,0.984689144818033,Dropout
0.006736100952665031,0.9898136010375981,0.003450298009736763,Graduate
0.02722674585741877,0.9618897255604539,0.010883528582127204,Graduate
0.027941507843441942,0.004871828289619199,0.967186663866939,Dropout
0.013000337123737877,0.0030095569446599506,0.9839901059316022,Dropout
0.707171026473881,0.04312514427666769,0.2497038292494514,Dropout
0.4846516773305743,0.29394638868121614,0.22140193398820956,Graduate
0.1018953778560865,0.0008803751189191496,0.8972242470249944,Dropout
0.5938677414169669,0.03698890142316111,0.3691433571598721,Enrolled
0.03307901816979887,0.9477302800516381,0.019190701778563125,Graduate
0.054643526742578837,0.003591761780802664,0.9417647114766186,Dropout
0.015771483248256998,0.009290587515526024,0.9749379292362169,Dropout
0.13013032035879585,0.010093302245533708,0.8597763773956705,Dropout
0.36409110616089807,0.6142850502922474,0.02162384354685447,Graduate
0.03622573385629492,0.9290352677537306,0.03473899838997443,Graduate
0.08309944757697461,0.8365915031735781,0.0803090492494473,Graduate
0.13924897824872393,0.8330111410632872,0.027739880687988883,Graduate
0.37901488415848306,0.0034624918679114847,0.6175226239736055,Enrolled
0.03878633466320853,0.009449176156453302,0.9517644891803381,Dropout
0.603213671703174,0.2805284964703243,0.11625783182650165,Dropout
0.07194735715035028,0.8929218843493375,0.035130758500312255,Graduate
0.6552135179782903,0.17657020160967063,0.1682162804120391,Graduate
0.004082557826257867,0.0026090466992242287,0.9933083954745179,Dropout
0.01546638521483337,0.9621888816364426,0.02234473314872403,Graduate
0.5378198335873792,0.4028907543353981,0.059289412077222756,Enrolled
0.05663644081034101,0.8968583429911808,0.04650521619847821,Graduate
0.026712501878779563,0.9539653090486254,0.019322189072594913,Graduate
0.15008201256511228,0.8285345180335763,0.021383469401311465,Enrolled
0.7560873696842404,0.12234365700279337,0.1215689733129661,Enrolled
0.3044953313671008,0.5482372814938778,0.14726738713902135,Dropout
0.011667323026913506,0.9791044422306662,0.009228234742420256,Graduate
0.06989607579865914,0.904770980155662,0.025332944045678707,Graduate
0.011861014640509029,0.0012799162489906084,0.9868590691105003,Dropout
0.07830407625295618,0.8637728108004338,0.057923112946610116,Graduate
0.032764239443292875,0.9443303930642211,0.022905367492485937,Graduate
0.1971380299971345,0.7496534733923428,0.053208496610522786,Graduate
0.007779856543644131,0.986204434791323,0.006015708665032853,Graduate
0.0326900968709451,0.002771585258195446,0.9645383178708594,Dropout
0.0717794701251522,0.8802361063527031,0.04798442352214461,Graduate
0.6008579750770845,0.32265782578884233,0.07648419913407314,Enrolled
0.6570163129207611,0.21576459255794642,0.1272190945212925,Enrolled
0.7639791974944335,0.07665852518699681,0.15936227731856964,Dropout
0.011726753526644491,0.9726743813257127,0.015598865147642754,Graduate
0.07137366965574786,0.911445322993491,0.017181007350761102,Graduate
0.04393397309391855,0.6451582976664958,0.31090772923958565,Graduate
0.29557778683777886,0.01689997876380973,0.6875222343984114,Enrolled
0.7179184702805947,0.10975018759568253,0.17233134212372284,Dropout
0.01620614752944767,0.0007617850395605888,0.9830320674309918,Dropout
0.09083197196970749,0.007016694866409743,0.9021513331638829,Enrolled
0.020277430495446485,0.966462075934502,0.013260493570051508,Graduate
0.08020473442591984,0.03332429324834825,0.886470972325732,Dropout
0.006242639117719907,0.9755369950719274,0.018220365810352822,Graduate
0.0017891855122866376,0.0007849074032305989,0.9974259070844828,Dropout
0.0034763539899661912,0.001955548075375533,0.9945680979346583,Dropout
0.048441241264149525,0.9205426327328523,0.031016126002998176,Graduate
0.02777644486000324,0.008711394639120644,0.9635121605008761,Dropout
0.024182946358770423,0.9536459515755524,0.022171102065677014,Graduate
0.8109693880636096,0.14242009170282913,0.046610520233561235,Enrolled
0.002037202587510538,0.001544919242533133,0.9964178781699564,Dropout
0.03207717023211832,0.9606263005230239,0.007296529244857655,Graduate
0.32499454430004804,0.005316242120401928,0.66968921357955,Dropout
0.06898584475704772,0.8934040974030079,0.037610057839944366,Graduate
0.013070759413159659,0.9830905104138716,0.0038387301729688244,Graduate
0.04077290701889623,0.004552908474590411,0.9546741845065134,Dropout
0.024741868758961557,0.9485783165192022,0.02667981472183607,Graduate
0.6863058287922196,0.01506006695661659,0.2986341042511638,Enrolled
0.011113596065370584,0.9615189736355144,0.027367430299115033,Graduate
0.23582792766506994,0.7088857195106069,0.05528635282432317,Graduate
0.03720219757714134,0.9404469268437075,0.02235087557915113,Graduate
0.840827772591875,0.034117936577067964,0.125054290831057,Enrolled
0.02724737141672683,0.0023470850133411165,0.9704055435699321,Dropout
0.17633080878598636,0.004409600935714765,0.819259590278299,Dropout
0.051181437508482336,0.9394738294337871,0.009344733057730582,Graduate
0.12837347349856967,0.7836392297347311,0.08798729676669924,Graduate
0.11368518246392338,0.8283093026152627,0.058005514920813885,Graduate
0.060327427165425364,0.9088308313876373,0.030841741446937368,Graduate
0.007109947462911892,0.01137598001687547,0.9815140725202127,Dropout
0.017702426992449338,0.9614965534701138,0.020801019537436984,Graduate
0.04972480644931822,0.9062473678111539,0.0440278257395279,Graduate
0.037507801201364335,0.0021587571929945495,0.960333441605641,Dropout
0.040852063996337236,0.0025482814032830436,0.9565996546003797,Dropout
0.0049636608920778915,0.0007223360084352799,0.9943140030994869,Dropout
0.05347238850076885,0.9357175909009166,0.010810020598314702,Graduate
0.4939012823859354,0.033583569130331066,0.47251514848373355,Enrolled
0.1651410648092086,0.7874870262942828,0.04737190889650873,Enrolled
0.056518484451339106,0.05080717542661433,0.8926743401220466,Dropout
0.19125252500415257,0.7908564787978131,0.01789099619803444,Graduate
0.2766747195026965,0.01302151017901229,0.7103037703182913,Enrolled
0.7643320199493295,0.07632400600894537,0.15934397404172515,Dropout
0.09329773632999719,0.08090993055092567,0.8257923331190772,Dropout
0.8011644573086288,0.04196980080562227,0.15686574188574895,Enrolled
0.1783110410122973,0.7522406164911102,0.0694483424965925,Graduate
0.5181380753695617,0.3001000064967511,0.18176191813368722,Graduate
0.3217459243721803,0.6151068394952901,0.06314723613252962,Enrolled
0.5898887709332333,0.23653890034801997,0.1735723287187468,Enrolled
0.001237591456631055,0.0004059601237021898,0.9983564484196669,Dropout
0.6256723332035312,0.3366911758509757,0.03763649094549308,Graduate
0.00935294673446988,0.0004688335699200125,0.99017821969561,Dropout
0.1269772878997125,0.009987400314333853,0.8630353117859537,Dropout
0.05926971526040825,0.0057146355676406775,0.935015649171951,Dropout
0.014333007169062996,0.9754046722701673,0.010262320560769733,Graduate
0.008838321141591955,0.003663726941441384,0.9874979519169667,Dropout
0.2611052148969025,0.6834751007318416,0.05541968437125597,Graduate
0.2716485472633954,0.006671984091146965,0.7216794686454577,Dropout
0.00936864816892601,0.9865966885747335,0.004034663256340465,Graduate
0.025694391660480004,0.00618022729894482,0.9681253810405752,Dropout
0.516932577845738,0.41618809202762713,0.06687933012663494,Graduate
0.032723893106219065,0.9501645420697951,0.01711156482398581,Graduate
0.5160037953025126,0.026018221053800444,0.45797798364368697,Enrolled
0.026623496266915292,0.6755143516227897,0.29786215211029493,Graduate
0.7947969719892245,0.03534522943431894,0.16985779857645666,Enrolled
0.022430280830236668,0.0013935104495046884,0.9761762087202587,Dropout
0.673397991760971,0.14091497405370784,0.18568703418532115,Enrolled
0.8310319289814523,0.051466985813986815,0.11750108520456089,Enrolled
0.10451187429607373,0.00043848397627603303,0.8950496417276501,Enrolled
0.04765472748910072,0.9229114743476428,0.02943379816325654,Graduate
0.6452695352174168,0.01696210565166875,0.33776835913091446,Dropout
0.019092617109556547,0.9700202019341412,0.01088718095630221,Graduate
0.798685802900836,0.03832604057792623,0.1629881565212377,Enrolled
0.005828954172485851,0.9875341437347892,0.006636902092724806,Graduate
0.00272682302421093,0.0033389210848525685,0.9939342558909364,Dropout
0.2662283972190862,0.6643271306759464,0.06944447210496746,Graduate
0.002137130839653261,0.0005927886005960541,0.9972700805597507,Dropout
0.7322893424549414,0.02198213977203915,0.24572851777301938,Enrolled
0.4243090421846529,0.5001102136535043,0.07558074416184285,Enrolled
0.14576656721054354,0.8297237979606992,0.024509634828757332,Graduate
0.049677704011736774,0.0011759723889640209,0.9491463235992993,Dropout
0.09963847595177208,0.8523847321491391,0.047976791899088926,Graduate
0.6653505710727242,0.21339478643665838,0.12125464249061728,Graduate
0.17633534758350894,0.7728251478443273,0.05083950457216362,Enrolled
0.2642314472472265,0.003041567173535803,0.7327269855792375,Enrolled
0.8271842773067296,0.027652300737590715,0.14516342195567972,Enrolled
0.12533368520815305,0.7929246634985686,0.08174165129327844,Enrolled
0.016540295824354692,0.9706390922228484,0.012820611952796932,Graduate
0.5837410890671803,0.03500102268486767,0.3812578882479519,Enrolled
0.020670112203684515,0.003935609342657783,0.9753942784536578,Dropout
0.06472678231521975,0.9215274810353417,0.013745736649438572,Graduate
0.019144635692034152,0.960469230488186,0.020386133819779842,Graduate
0.007600302068393804,0.0008914839601920433,0.9915082139714142,Dropout
0.027502342585919843,0.9619503833910157,0.010547274023064435,Graduate
0.1005327250182432,0.5708837523288733,0.3285835226528835,Graduate
0.34671738773934857,0.5795099694855281,0.07377264277512324,Graduate
0.2909373663317447,0.6739624189168012,0.035100214751454084,Graduate
0.032861929031732275,0.005438845149764406,0.9616992258185033,Dropout
0.4491258594894985,0.4032272514995321,0.14764688901096942,Graduate
0.568412305537562,0.033435105917013555,0.3981525885454245,Dropout
0.11220243942315959,0.7952453260156999,0.09255223456114048,Graduate
0.0019399398841390472,0.00021379020229018888,0.9978462699135708,Dropout
0.13469975029885434,0.006185323979490413,0.8591149257216552,Dropout
0.005934063258882508,0.0005925434474611796,0.9934733932936562,Dropout
0.1709421630355462,0.7662222685694045,0.06283556839504922,Graduate
0.008242810467936382,0.0029848216902902337,0.9887723678417735,Dropout
0.10138940871563432,0.8746238771268208,0.02398671415754504,Graduate
0.001110164610150416,0.00043938235056904584,0.9984504530392805,Dropout
0.032948736510685535,0.9199480649200247,0.047103198569289684,Graduate
0.8141570936243929,0.07460801172571324,0.1112348946498938,Enrolled
0.8538474768318353,0.0916711729792024,0.05448135018896239,Enrolled
0.7063078029857072,0.2208193138714106,0.0728728831428822,Enrolled
0.06558830153194564,0.0014469384263052815,0.932964760041749,Dropout
0.5607609514039047,0.013564375093459409,0.4256746735026359,Dropout
0.18476108094658986,0.0039511750439995205,0.8112877440094107,Enrolled
0.017085590419250594,0.9736656940102366,0.009248715570512812,Graduate
0.1035453499605874,0.8692022299018253,0.027252420137587365,Enrolled
0.03146749935445501,0.9619745860006463,0.006557914644898714,Graduate
0.3782984974119122,0.17286340524467406,0.4488380973434138,Enrolled
0.024865302881238963,0.953882572994068,0.02125212412469299,Graduate
0.02863767043383562,0.9621238958019136,0.009238433764250693,Graduate
0.010752988735980821,0.9797676350299235,0.0094793762340957,Graduate
0.03878985178757681,0.9329290435735125,0.028281104638910714,Graduate
0.005778970005546191,0.0003856221515578231,0.993835407842896,Dropout
0.10656287245781133,0.8547670227949595,0.0386701047472291,Graduate
0.1010194202930145,0.8765085727720509,0.022472006934934577,Graduate
0.005438062323042664,0.9868722008411501,0.007689736835807263,Graduate
0.22441315515325685,0.703278097696358,0.0723087471503852,Graduate
0.019365774352064838,0.9693749725710885,0.011259253076846632,Graduate
0.18855667037036106,0.7444554284444779,0.06698790118516103,Graduate
0.005452487523387746,0.0017851406269798697,0.9927623718496325,Dropout
0.677775172211412,0.01651056701135983,0.305714260777228,Dropout
0.030166467486684098,0.9424813300575311,0.027352202455784777,Graduate
0.09627559989715435,0.8647524829216922,0.03897191718115368,Graduate
0.2705653578792975,0.5551615042740418,0.17427313784666085,Enrolled
0.16640869540112116,0.7601552421714897,0.07343606242738933,Graduate
0.32641739687594445,0.6112336220683683,0.06234898105568728,Graduate
0.011377192322023031,0.9799686866124422,0.008654121065534932,Graduate
0.03946674584354634,0.9448864475408569,0.015646806615596576,Graduate
0.019943973397397743,0.9643863809339105,0.01566964566869174,Graduate
0.010057735226601725,0.9689497505514169,0.020992514221981423,Graduate
0.20170253602687785,0.07784529620893259,0.7204521677641895,Dropout
0.8935088181689153,0.08634408472567574,0.020147097105409083,Enrolled
0.049816759210175095,0.008037634245496113,0.9421456065443288,Enrolled
0.6057526404484771,0.08090376000089941,0.3133435995506236,Enrolled
0.6994136452289397,0.08741380565694541,0.21317254911411507,Enrolled
0.6206032033118571,0.3149217345302212,0.06447506215792166,Enrolled
0.022656193037027088,0.9403612036665413,0.03698260329643142,Graduate
0.003560023282338287,0.0011977159559779153,0.9952422607616839,Dropout
0.0022863170026204524,0.0018257261062739007,0.9958879568911057,Dropout
0.49816523220533504,0.022737247039384515,0.4790975207552804,Dropout
0.750049681030352,0.16160364537738175,0.08834667359226629,Dropout
0.008548976417148633,0.0018767598817586426,0.9895742637010927,Dropout
0.3817183992958693,0.5504696021171713,0.0678119985869593,Enrolled
0.6469217027212726,0.19418195159059054,0.15889634568813676,Graduate
0.4425590294596123,0.3808607092811142,0.17658026125927362,Graduate
0.11866533971641331,0.7838645339841123,0.09747012629947445,Graduate
0.0043466357814562154,0.003084858127265632,0.9925685060912782,Dropout
0.0413225062274394,0.0021021385950831433,0.9565753551774775,Dropout
0.08936132559716942,0.8931589321779059,0.01747974222492476,Graduate
0.034422400206259536,0.9516601175462813,0.01391748224745919,Graduate
0.18942740813920145,0.11808615087671755,0.6924864409840811,Dropout
0.1743320897653228,0.8006067422785472,0.02506116795612992,Graduate
0.18903291788626353,0.7934348666328584,0.017532215480877966,Graduate
0.06017736018226052,0.9130851539424596,0.026737485875279937,Graduate
0.02058711640767818,0.005234768270642025,0.9741781153216797,Dropout
0.17533050660977903,0.002424719660255162,0.8222447737299658,Dropout
0.7168210756664128,0.04596403325873067,0.23721489107485666,Enrolled
0.0011226633584859274,0.0010567193529961753,0.9978206172885179,Dropout
0.37309153738819223,0.5788945868561669,0.048013875755640846,Graduate
0.061928594655377804,0.001651996322631256,0.9364194090219908,Dropout
0.059407419381864376,0.9008935932701643,0.03969898734797139,Graduate
0.558020686636028,0.07542074810574156,0.3665585652582304,Dropout
0.08327463489603001,0.8975677918403953,0.019157573263574857,Graduate
0.0317131120109054,0.01431791463537571,0.953968973353719,Dropout
0.012541696665143865,0.007605126502161769,0.9798531768326942,Dropout
0.0999249721379012,0.001309231768283234,0.8987657960938156,Dropout
0.6063516252833206,0.2197113778986977,0.1739369968179816,Enrolled
0.25787746278152057,0.6679075109133922,0.07421502630508729,Graduate
0.00861016147868325,0.9754653622689712,0.01592447625234539,Graduate
0.017862278534438936,0.9682678227505492,0.013869898715011826,Graduate
0.14378997350414852,0.007928120277567579,0.8482819062182838,Dropout
0.08729293239752302,0.9014410174367061,0.011266050165770907,Graduate
0.20515253867224634,0.7728996343370259,0.021947826990727625,Graduate
0.15433612710754122,0.014642025471025754,0.8310218474214329,Dropout
0.008817427699359824,0.0015756985433068747,0.9896068737573334,Dropout
0.05015989210252974,0.9297903372975757,0.020049770599894833,Graduate
0.09898179231896631,0.8709219363876888,0.03009627129334504,Graduate
0.02288597949702132,0.9656553078557841,0.011458712647194516,Graduate
0.004416198976403515,0.001110197728778886,0.9944736032948175,Dropout
0.026443564517769018,0.0024892577080687984,0.9710671777741622,Dropout
0.018016334905680532,0.9217154281952455,0.060268236899073846,Graduate
0.7476697472625208,0.20625437741662356,0.04607587532085561,Enrolled
0.05244731042765304,0.9306980429244215,0.016854646647925454,Graduate
0.6883168643188244,0.045062676684979944,0.26662045899619563,Enrolled
0.05252495740220498,0.3107097823668327,0.6367652602309624,Graduate
0.045704749877458616,0.9028712369353217,0.05142401318721981,Graduate
0.14298529694623222,0.2851357062421393,0.5718789968116285,Enrolled
0.6568284119534596,0.23851481700676222,0.1046567710397781,Enrolled
0.3212938224590508,0.6138875388449745,0.06481863869597464,Graduate
0.05383337251595549,0.9159921458925903,0.030174481591454208,Graduate
0.1448109331947092,0.8044591579825494,0.05072990882274143,Graduate
0.020312909876530418,0.9602325689302886,0.019454521193181088,Graduate
0.1701817399960982,0.007733055765578827,0.8220852042383229,Dropout
0.04257721998332533,0.934764792384155,0.022657987632519777,Graduate
0.01597629240410967,0.0004507627635077103,0.9835729448323826,Dropout
0.048402221324170186,0.927818615545245,0.023779163130584886,Graduate
0.10780231747010875,0.8746427946332251,0.017554887896666177,Graduate
0.011708342682663533,0.9657840758791848,0.022507581438151496,Graduate
0.08022499740608816,0.8549142766429355,0.06486072595097632,Graduate
0.2172412127250383,0.0212072476504264,0.7615515396245353,Dropout
0.04676688365648771,0.935583135225819,0.017649981117693187,Graduate
0.20615180241379347,0.758937842333983,0.034910355252223475,Graduate
0.042890241916879665,0.9277553335878685,0.029354424495251774,Graduate
0.3571689173045116,0.0302724234049633,0.6125586592905251,Enrolled
0.4888247700109728,0.46059794114002717,0.05057728884900016,Graduate
0.005592804429409669,0.9886650114070648,0.005742184163525733,Graduate
0.5541220498566071,0.27369841105903775,0.1721795390843552,Enrolled
0.015937707632768656,0.0007983633695518909,0.9832639289976793,Dropout
0.029796138628804432,0.0010125145013425057,0.9691913468698531,Dropout
0.24391554152704115,0.7220367096829677,0.03404774878999122,Graduate
0.007601386400398504,0.0006076603694834414,0.9917909532301181,Dropout
0.01944291092457012,0.0030088011976917165,0.9775482878777382,Dropout
0.02563812040191783,0.963551381571207,0.010810498026875219,Graduate
0.09206513396348438,0.8895612492559647,0.01837361678055094,Graduate
0.6542094101661821,0.24172112690913655,0.10406946292468129,Enrolled
0.03427535119537375,0.46848691161970346,0.497237737184923,Dropout
0.6003143247911094,0.34392497892612844,0.055760696282762055,Graduate
0.05284661530781866,0.9209741989581095,0.026179185734071787,Dropout
0.1277584522115481,0.05906675119154776,0.8131747965969041,Dropout
0.0148883385892095,0.9769662575477563,0.008145403863034327,Graduate
0.43849213333343506,0.4683043303768945,0.09320353628967042,Enrolled
0.10791325928846533,0.8612711261860875,0.030815614525447017,Graduate
0.5905944937735479,0.005912791862135322,0.4034927143643167,Enrolled
0.7374172664551738,0.014522917443344784,0.2480598161014813,Enrolled
0.07135149583271562,0.2083457481524077,0.7203027560148767,Dropout
0.05033409468186482,0.8864777499619687,0.06318815535616634,Graduate
0.3235837137745598,0.5286744631009537,0.14774182312448653,Enrolled
0.8869838645441879,0.06953689290511889,0.04347924255069334,Enrolled
0.5741697415020826,0.26708382556248456,0.15874643293543295,Enrolled
0.013715872867436231,0.9789372718780484,0.007346855254515375,Graduate
0.0593870008131502,0.888682481240099,0.0519305179467509,Graduate
0.030415441870491805,0.9625947525631335,0.0069898055663747205,Graduate
0.009290453354406437,0.0006639283534555282,0.9900456182921381,Dropout
0.39464000283715656,0.39143145371874566,0.21392854344409784,Graduate
0.0019976175532174676,0.0013899340485252422,0.9966124483982572,Dropout
0.009051154156617705,0.0015262138813665514,0.9894226319620156,Dropout
0.007588696095260604,0.0023215932019930033,0.9900897107027464,Dropout
0.29559387389541864,0.00583307169085259,0.6985730544137287,Dropout
0.010596672471945033,0.9606569404332757,0.028746387094779224,Graduate
0.4740737717856703,0.4873486550880044,0.03857757312632523,Dropout
0.048473557354169534,0.9265318096025383,0.02499463304329208,Graduate
0.002262894227734305,0.002452043486333892,0.9952850622859317,Dropout
0.5643644623868953,0.3246872969209039,0.1109482406922008,Graduate
0.022895093903486423,0.9660418812905827,0.01106302480593076,Graduate
0.587215171892872,0.18107103019072587,0.23171379791640206,Enrolled
0.12547532657610372,0.0030083504360779536,0.8715163229878183,Dropout
0.007828884230620899,0.002375752208332497,0.9897953635610465,Dropout
0.32830924943683515,0.2544619950035979,0.41722875555956707,Enrolled
0.7526228925899614,0.1833949043304016,0.06398220307963685,Enrolled
0.01219433538448376,0.9605579763906625,0.027247688224853833,Graduate
0.10917175017935662,0.8558453826915178,0.03498286712912554,Graduate
