pred_Enrolled,pred_Graduate,pred_Dropout,true
0.010967016959037982,0.004904638196742324,0.9841283448442197,Dropout
0.2426476811865472,0.731357540881839,0.025994777931613793,Enrolled
0.3522970088489067,0.6117166552967201,0.03598633585437325,Graduate
0.5389171816512615,0.034663003901862395,0.42641981444687616,Dropout
0.01509009801268851,0.9746151657106317,0.010294736276679779,Graduate
0.13130498573013002,0.8507131842371742,0.01798183003269586,Graduate
0.5030879446042749,0.39015550406026595,0.1067565513354591,Enrolled
0.019130604623975138,0.005970501404727085,0.9748988939712979,Dropout
0.4047651416764803,0.5250087345913407,0.07022612373217911,Graduate
0.006537326158264188,0.0009837915498180718,0.9924788822919178,Dropout
0.06984612690198803,0.026869254928060107,0.9032846181699519,Dropout
0.009064831772248937,0.005749419439585531,0.9851857487881656,Dropout
0.008533880498747662,0.0004096050512403752,0.9910565144500119,Dropout
0.0038884063137450357,0.9845813231293521,0.011530270556902946,Graduate
0.16400653774955296,0.7821597591723148,0.05383370307813224,Graduate
0.06575702258143334,0.918958622164715,0.0152843552538517,Graduate
0.07514127074502704,0.9064433885430614,0.01841534071191157,Graduate
0.02054881093275577,0.9615873213754371,0.01786386769180714,Graduate
0.6674340103112159,0.21903995450287855,0.1135260351859055,Enrolled
0.6770313041275735,0.28267184097181863,0.04029685490060789,Enrolled
0.01068925693312548,0.0023839812997439084,0.9869267617671306,Dropout
0.7719425011319719,0.03348970106646156,0.19456779780156658,Enrolled
0.243311542757617,0.7080263528011929,0.048662104441190054,Graduate
0.06871058359159285,0.8835014037357438,0.04778801267266312,Graduate
0.7770182221143652,0.11798957313122341,0.10499220475441141,Enrolled
0.15811585870031683,0.0014967502571014034,0.8403873910425819,Enrolled
0.25966322693961946,0.004880485811859545,0.735456287248521,Enrolled
0.003356841000689995,2.7713251570003084e-05,0.99661544574774,Dropout
0.04032183840733843,0.9441583042172439,0.015519857375417752,Graduate
0.11714443822055783,0.834765334779178,0.048090227000264135,Graduate
0.006173884280354283,0.9901313399655373,0.0036947757541083482,Graduate
0.2682450082558927,0.6607771247728811,0.07097786697122627,Graduate
0.3123862161483232,0.620029655254845,0.06758412859683188,Graduate
0.676974769756472,0.022548561417408772,0.30047666882611923,Enrolled
0.0022595292177174956,0.989487973863859,0.008252496918423715,Graduate
0.10488376389563249,0.8785695726657525,0.016546663438614863,Graduate
0.21750464222066543,0.6785614108670843,0.10393394691225015,Enrolled
0.44368911836720903,0.012776248285323566,0.5435346333474674,Dropout
0.24006093112475535,0.6913663305421109,0.0685727383331337,Enrolled
0.04649477656987348,0.0005525792154508416,0.9529526442146756,Dropout
0.024981899961252396,0.004050433320741831,0.9709676667180058,Dropout
0.4516925373804838,0.4994640137421687,0.04884344887734747,Enrolled
0.00023766798122520244,0.0003849888489037198,0.999377343169871,Dropout
0.6264287449545813,0.30084233568202157,0.0727289193633971,Dropout
0.33528424573483756,0.3707366652157199,0.29397908904944253,Enrolled
0.04232961204191609,0.9480681936292279,0.009602194328855881,Graduate
0.4539157091541063,0.4824493514738808,0.0636349393720129,Graduate
0.014085957146683953,0.9722927818340474,0.013621261019268525,Graduate
0.010298785846357997,0.0018063962527809392,0.9878948179008612,Dropout
0.5805315303438032,0.32009723748022895,0.09937123217596786,Graduate
0.021150887877812545,0.001026351024063134,0.9778227610981244,Dropout
0.01962475183926294,0.7259304034076391,0.254444844753098,Graduate
0.24816591856793455,0.6044505318761229,0.14738354955594263,Graduate
0.1889433677537255,0.6294920556543762,0.18156457659189826,Graduate
0.581195258659879,0.018243228188678663,0.40056151315144245,Enrolled
0.021317415070759942,0.9647039169265224,0.013978668002717534,Graduate
0.870401537713291,0.07588283393693888,0.053715628349770075,Enrolled
0.06068736547923102,0.8854576265359989,0.05385500798477008,Graduate
0.13238464628449706,0.8378807492326223,0.029734604482880598,Graduate
0.03894304773092269,0.938365098817816,0.022691853451261214,Graduate
0.07735999911074917,0.8721194407751929,0.05052056011405789,Graduate
0.10094259684027392,0.830801639057019,0.06825576410270708,Enrolled
0.4953062531396114,0.2912052252472356,0.21348852161315307,Dropout
0.07510555678936422,0.9095616830452924,0.01533276016534321,Graduate
0.00023725817264524482,0.00041275204741722993,0.9993499897799376,Dropout
0.7427032239084185,0.013346885918006117,0.2439498901735754,Enrolled
0.0506762780849295,0.00890792307958181,0.9404157988354888,Dropout
0.6346361582790196,0.07209188772592351,0.29327195399505684,Dropout
0.8003711406079882,0.04586088319729332,0.1537679761947184,Enrolled
0.2384742192609832,0.007580454788138664,0.753945325950878,Dropout
0.08683360900261175,0.869971470984726,0.04319492001266216,Graduate
0.00457553708509693,0.0002704523702882021,0.9951540105446148,Dropout
0.6623708242448026,0.00660191203768645,0.33102726371751084,Enrolled
0.04098335623730897,0.8917363354865214,0.06728030827616968,Dropout
0.05445969882504294,0.010435005346591138,0.9351052958283659,Dropout
0.403906089426364,0.039595605926481564,0.5564983046471544,Enrolled
0.010947507420409872,0.9848387611389244,0.004213731440665523,Graduate
0.6743424252891057,0.1905128373569332,0.13514473735396115,Dropout
0.009067798915967288,0.9870935171403895,0.0038386839436431036,Graduate
0.5372822440582732,0.24641061678523254,0.21630713915649424,Enrolled
0.01794792999112426,0.007145061298191815,0.9749070087106839,Dropout
0.12666789150811275,0.8463927670071868,0.02693934148470038,Graduate
0.5903278196472735,0.007715780646792047,0.40195639970593444,Dropout
0.09394436326752299,0.004620065497129257,0.9014355712353478,Dropout
0.04924306507272706,0.932534535533362,0.018222399393910956,Graduate
0.024536170483798792,0.9675203988348005,0.007943430681400786,Graduate
0.009722204003603841,0.9707929995678843,0.019484796428511694,Graduate
0.11653015996203053,0.8714515500842441,0.01201828995372531,Graduate
0.001065848608061476,0.9734420190699865,0.025492132321951848,Graduate
0.009532253923551478,0.9767274017531954,0.013740344323253155,Graduate
0.0037280648979363972,0.9749381399069886,0.021333795195074962,Graduate
0.06675736203283805,0.8477050498844975,0.08553758808266447,Graduate
0.12568485793124995,0.8578584845638606,0.016456657504889307,Graduate
0.25218472421795973,0.6973099609431859,0.05050531483885451,Graduate
0.22202207141387365,0.0008011565666048051,0.7771767720195215,Dropout
0.033985084494104846,0.9553590240466716,0.01065589145922348,Graduate
0.06376716462388204,0.9043379976892842,0.03189483768683375,Graduate
0.001329228677140497,4.955203781171314e-05,0.9986212192850478,Dropout
0.48628303636431197,0.4130201942913937,0.10069676934429422,Enrolled
0.030041666618847204,0.9481696922334164,0.02178864114773644,Graduate
0.23391019372096178,0.013560982802575233,0.7525288234764629,Dropout
0.022797858849922574,0.008500810482204026,0.9687013306678735,Dropout
0.29451927479608897,0.6933859567219843,0.012094768481926739,Graduate
0.7538724678394527,0.1816500231213792,0.0644775090391681,Enrolled
0.010325340122188175,0.976140812394099,0.013533847483712877,Graduate
0.6068833728145717,0.14378533893089357,0.24933128825453468,Enrolled
0.00044795568016661367,0.0005082346673155852,0.9990438096525178,Dropout
0.011025766796765535,2.1157870071500125e-05,0.988953075333163,Dropout
0.144566347907471,0.8086326525657854,0.046800999526743575,Graduate
0.4861331307197575,0.04826465397994695,0.4656022153002955,Enrolled
0.013465959303363034,0.9829236199120615,0.0036104207845755808,Graduate
0.19626733355620524,0.004570335895507526,0.7991623305482872,Dropout
0.046409451644204625,0.9362454463042494,0.01734510205154588,Graduate
0.41307714397445006,0.48045089717328276,0.10647195885226729,Enrolled
0.002434884009001779,0.0010392075657058557,0.9965259084252923,Dropout
0.06466806859824692,0.01867529750928523,0.9166566338924678,Dropout
0.006019181383463321,7.4829051559286e-05,0.9939059895649773,Dropout
0.004787013833342611,0.9919914124480141,0.00322157371864316,Graduate
0.0005391093987037151,4.953251909482755e-05,0.9994113580822015,Dropout
0.00967077576005012,0.007034322669339563,0.9832949015706103,Dropout
0.16174086771749832,0.7742516431166464,0.06400748916585519,Graduate
0.026521266454844313,0.9438368784043888,0.029641855140766917,Graduate
0.04718564848425127,0.9157582367219547,0.03705611479379416,Graduate
0.0012962776413550517,0.0019770478444884314,0.9967266745141566,Dropout
0.03482041740932568,0.9569916376662844,0.008187944924389902,Graduate
0.0006103057411567265,0.00041197664283544496,0.9989777176160077,Dropout
0.42378304122702953,0.46549680700493734,0.11072015176803311,Graduate
0.049642780629732576,0.9379338778590037,0.012423341511263732,Graduate
0.5053633278706773,0.005500403236082419,0.4891362688932403,Dropout
0.6506833210907219,0.02555824664405021,0.3237584322652278,Enrolled
0.024320996331941264,0.9666145308648744,0.00906447280318453,Graduate
0.11979973324469363,0.8576938483362446,0.022506418419061786,Graduate
0.6555566675974251,0.29898019033988377,0.04546314206269119,Enrolled
0.0036616694273200667,0.0024325773642906528,0.9939057532083894,Dropout
0.023728333660461707,0.9626167231764737,0.013654943163064617,Graduate
0.5528172286242244,0.4112800400244242,0.03590273135135129,Graduate
0.025366576059226657,0.9376103150776214,0.037023108863152084,Graduate
0.010610809711823013,0.0022681890194785445,0.9871210012686985,Dropout
0.4151037354007529,0.0013548884479991149,0.583541376151248,Dropout
0.14000361266341357,0.0032109757094265744,0.8567854116271598,Enrolled
0.28241740798744647,0.6723519808418376,0.04523061117071604,Graduate
0.03596489410720321,0.0014076029932702952,0.9626275028995265,Dropout
0.007445372188202289,0.9884258341404727,0.004128793671324928,Graduate
0.7132492940326189,0.18572034172033078,0.10103036424705031,Enrolled
0.031663279525393294,0.961531519581169,0.006805200893437707,Graduate
0.029414475513950128,0.004966909667617359,0.9656186148184325,Dropout
0.0027406587278681754,0.0012444376036138006,0.9960149036685181,Dropout
0.08778061956280872,0.001691446192138794,0.9105279342450524,Dropout
0.001975804096858517,8.661325266129395e-05,0.9979375826504802,Dropout
0.44819468320556755,0.0040671958176387345,0.5477381209767936,Enrolled
0.027141147016889394,0.9633866793663548,0.00947217361675584,Graduate
0.05909146101868123,0.9292111236486034,0.011697415332715306,Graduate
0.008285294349994275,0.002818620658267059,0.9888960849917386,Dropout
0.004274489915782592,0.9911133080303841,0.004612202053833399,Graduate
0.020242710111117654,0.955871883552763,0.023885406336119373,Graduate
0.42497821817247133,0.0019229809148803036,0.5730988009126483,Dropout
0.006720696498611956,0.0014981254386514796,0.9917811780627365,Dropout
0.24919266542304702,0.7131842082940794,0.03762312628287363,Graduate
0.1766452069697244,0.051840481429128484,0.7715143116011471,Dropout
0.004345610452228357,0.00016290945890325804,0.9954914800888685,Dropout
0.6309583666261136,0.3101528416792735,0.05888879169461298,Enrolled
0.0759474833466233,0.8803619565473715,0.04369056010600533,Graduate
0.5864474089483382,0.13852962919475356,0.27502296185690817,Enrolled
0.08753958899300203,0.0008113412648592367,0.9116490697421388,Dropout
0.03910747888825011,0.9261934900561384,0.03469903105561145,Graduate
0.09845480239049449,0.866656350741529,0.03488884686797653,Graduate
0.5717928126365873,0.2502785564808234,0.17792863088258923,Dropout
0.012852818345018878,0.002694648150912623,0.9844525335040686,Dropout
0.11485003603699502,0.013990407365890507,0.8711595565971144,Dropout
0.019225080953557284,0.005300715384652853,0.9754742036617899,Dropout
0.6682764411039867,0.10382100670812194,0.2279025521878913,Dropout
0.2585340361431465,0.6280990085364454,0.11336695532040804,Enrolled
0.03063417030539448,0.25717687560757735,0.7121889540870282,Dropout
0.09467321226798332,0.880182430987297,0.025144356744719744,Graduate
0.7356444102979797,0.029085627927526413,0.23526996177449397,Enrolled
0.2409574386066113,0.038351452913780316,0.7206911084796084,Dropout
0.5268851353762937,0.019633354722561166,0.45348150990114516,Enrolled
0.033464681030915065,0.9197269810594575,0.04680833790962739,Graduate
0.4725286822123984,0.33405489696200213,0.19341642082559934,Enrolled
0.009285442893991462,0.0009714256611438978,0.9897431314448646,Dropout
0.015094368121328087,0.9646650099704986,0.020240621908173276,Graduate
0.22908671664706076,0.7576853695119368,0.013227913841002437,Graduate
0.024812514996508245,0.0025006055577967787,0.972686879445695,Dropout
0.09616873221361502,0.8909985874228352,0.01283268036354956,Graduate
0.04475965902798536,0.9112027704817974,0.044037570490217254,Graduate
0.15600417900995522,0.0006766837322273675,0.8433191372578174,Dropout
0.010531755777577938,6.53643873230331e-05,0.989402879835099,Dropout
0.042122941990849865,0.9232390971529143,0.03463796085623587,Dropout
0.3093520108164442,0.01327141046159563,0.6773765787219602,Enrolled
0.1729833850381175,0.7446210322605529,0.08239558270132966,Enrolled
0.005319264714469144,0.001382507018387311,0.9932982282671435,Dropout
0.33263399996389503,0.6501520583368204,0.01721394169928451,Enrolled
0.014857317941603684,0.005273243227020169,0.9798694388313761,Dropout
0.00701084200376763,0.0015517479297082694,0.9914374100665242,Dropout
0.05033803293102759,0.9438037803577629,0.005858186711209597,Graduate
0.020202507192785574,0.9632656493161442,0.016531843491070067,Graduate
0.27562866589230955,0.6701406963613373,0.05423063774635299,Graduate
0.04376560642624436,0.937789044004344,0.018445349569411466,Graduate
0.01941444093474278,0.009550522530356442,0.9710350365349008,Dropout
0.0031157016214882283,0.001162608802051092,0.9957216895764606,Dropout
0.6179058204479517,0.23855579106493466,0.14353838848711364,Enrolled
0.8724568587861301,0.05407577309654418,0.07346736811732565,Enrolled
0.3306411428996283,0.5965115224927604,0.0728473346076113,Graduate
8.538834182677712e-05,0.0003395651500211359,0.999575046508152,Dropout
0.46755841006821086,0.3846745911717772,0.14776699876001193,Dropout
0.01301283412797668,0.9793004802603482,0.007686685611675121,Graduate
0.03363991871711495,0.933166241447295,0.03319383983559004,Graduate
0.0009678926462474908,0.024836426283433626,0.9741956810703188,Dropout
0.02086323980868746,0.002663355994255185,0.9764734041970573,Dropout
0.023400404086694308,0.9598044495883082,0.016795146324997515,Graduate
0.038284259287067884,0.010774267976937217,0.9509414727359949,Dropout
0.03937445271919519,0.9472996853091649,0.01332586197164006,Graduate
0.5192019783031528,0.44876502534837975,0.03203299634846736,Enrolled
0.035140289643482404,0.9511598529024916,0.013699857454026,Graduate
0.00029924111775574277,0.0009432071420537299,0.9987575517401905,Dropout
0.009086587273606518,0.9701056274503185,0.02080778527607498,Graduate
0.051235761133737796,0.9419653308319765,0.006798908034285665,Graduate
0.002650972631314903,0.0007420303645187886,0.9966069970041663,Dropout
0.0015930141382946108,0.001231222353362624,0.9971757635083428,Dropout
0.7169713062456214,0.0970003811195642,0.18602831263481445,Enrolled
0.011073590974504211,0.004408685362861392,0.9845177236626345,Dropout
0.2600181018680333,0.6870806201554128,0.05290127797655367,Graduate
0.3119352100472587,0.618969269325483,0.06909552062725831,Graduate
0.38984166350832433,0.5957082668013455,0.014450069690330226,Enrolled
0.03181950621043873,0.8881459595656676,0.08003453422389374,Graduate
0.6567418684641785,0.23272119971331817,0.11053693182250339,Enrolled
0.0007752880421645192,0.00021187655005054385,0.999012835407785,Dropout
0.003737361216165778,0.00012118197704048967,0.9961414568067937,Dropout
0.020817930578685136,0.967876197543381,0.011305871877933976,Graduate
0.07991644738507289,0.2819502938686387,0.6381332587462885,Graduate
0.10002708472022631,0.0006129461071176161,0.899359969172656,Dropout
0.01522801345818791,0.979128085702233,0.005643900839579252,Graduate
0.016664469177434083,0.9725759787956162,0.010759552026949651,Graduate
0.27075404185014784,0.011996698273944546,0.7172492598759076,Dropout
0.842869465806442,0.07415979480032149,0.08297073939323649,Enrolled
0.004009826689540177,0.9897576859298746,0.006232487380585122,Graduate
0.8029714103361557,0.07071307455223769,0.1263155151116066,Dropout
0.043890663511850454,0.0032527990579766493,0.9528565374301728,Dropout
0.41013753045586465,0.43703377436901664,0.15282869517511868,Enrolled
0.049132052397321956,0.005845291637414761,0.9450226559652632,Dropout
0.07062394071443728,0.912838740557894,0.016537318727668646,Graduate
0.023154039223289992,0.9701526233422006,0.006693337434509331,Graduate
0.01979549694753344,0.0062342397204177835,0.9739702633320487,Dropout
0.48466615060063517,0.4437464497094585,0.07158739968990625,Graduate
0.010912550187767805,0.212045700564849,0.7770417492473831,Dropout
0.5127099808436127,0.38285440443062096,0.10443561472576635,Enrolled
0.0008304288095020842,0.00012365340273944218,0.9990459177877585,Dropout
0.06765423437293441,0.9158803098199492,0.016465455807116298,Graduate
0.02642597826080139,0.9616206631905565,0.011953358548642247,Enrolled
0.0684165986388697,0.9071086123530139,0.02447478900811635,Graduate
0.09287737425790799,0.8860696331508888,0.02105299259120317,Graduate
0.4430921623988324,0.4907443697393333,0.06616346786183429,Enrolled
0.002869066680223905,0.00011779147454516309,0.9970131418452309,Dropout
0.8694291403311312,0.0407325403043593,0.08983831936450962,Enrolled
0.47792836994084925,0.4322007875313502,0.08987084252780064,Graduate
0.13352816615661875,0.8322941589671741,0.03417767487620725,Enrolled
0.11609215586332802,0.8191813985732533,0.06472644556341857,Graduate
0.5507694191344019,0.059936621834046355,0.3892939590315517,Enrolled
0.7364968964490998,0.1807510273920687,0.08275207615883155,Enrolled
0.36590449801936015,0.48052052796518685,0.153574974015453,Graduate
0.011535900985635596,0.9493624574188302,0.03910164159553429,Graduate
0.3919769684072066,0.06092689495442141,0.547096136638372,Enrolled
0.004342486562960808,0.0001860574059021492,0.9954714560311371,Dropout
0.12316605175832449,0.8556142293528086,0.021219718888867038,Graduate
0.018600228219434405,0.969299253587191,0.012100518193374538,Graduate
0.007056434692560796,0.0015787589075741374,0.991364806399865,Dropout
0.05825903943472413,0.9278070523720646,0.013933908193211199,Graduate
0.2876142939462704,0.6134863659226945,0.098899340131035,Graduate
0.010070252534159826,0.9798668421289257,0.010062905336914623,Graduate
0.26491114515408076,0.6352208017887907,0.09986805305712863,Graduate
0.024406774986405613,0.9345810470644829,0.041012177949111585,Graduate
0.021941900876615118,0.9653407385107134,0.012717360612671555,Graduate
0.6063549908314989,0.3444157094038822,0.049229299764618976,Enrolled
0.07548434052204664,0.8971623661483018,0.02735329332965153,Graduate
0.004807701045343109,0.003607146673146001,0.9915851522815108,Dropout
0.004196194836773966,0.00022277125022699255,0.9955810339129991,Dropout
0.4029955304965691,0.01055585954005276,0.5864486099633781,Enrolled
0.06457304614136689,0.9007301831619459,0.03469677069668734,Graduate
0.5628393557045733,0.3655130116465868,0.07164763264883987,Enrolled
0.09605706010731056,0.8296634749774744,0.07427946491521509,Graduate
0.13199181175866925,0.8407790791070331,0.027229109134297706,Graduate
0.2751672157322281,0.7030702058150157,0.021762578452756306,Enrolled
0.6731191624736796,0.08397474864635641,0.24290608887996387,Dropout
0.013806696730350078,0.0068485413609307355,0.9793447619087191,Dropout
0.06209963721753005,0.9187487367089475,0.01915162607352239,Graduate
0.638650690923856,0.27214119631147915,0.0892081127646648,Graduate
0.02187016733588383,0.9671975878023031,0.010932244861813102,Graduate
0.1299687112668637,0.0034509233770181925,0.8665803653561182,Enrolled
0.008909917168613135,0.0022993429104250732,0.9887907399209619,Dropout
0.14509764060611124,0.8103734309332776,0.04452892846061124,Graduate
0.012195333513572978,0.9674756330419833,0.02032903344444374,Graduate
0.06864654412996686,0.9055156573277944,0.025837798542238846,Graduate
0.024962231940170894,0.0006387479343508103,0.9743990201254782,Dropout
0.3703582072757022,0.02429346830622189,0.605348324418076,Graduate
0.5507180005359402,0.014909294356977,0.43437270510708276,Enrolled
0.040388511562281994,0.9524414273295966,0.0071700611081214035,Graduate
0.04735803211377733,0.9220076573420314,0.03063431054419145,Graduate
0.26050801190533057,0.6915352029469217,0.047956785147747684,Graduate
0.08844748791600629,0.0019817346074936103,0.9095707774765001,Dropout
0.18451100620217514,0.0008968403860349996,0.8145921534117899,Dropout
0.7308065860396372,0.07311496121878536,0.1960784527415774,Graduate
0.4048943870938545,0.3757019346694285,0.21940367823671708,Graduate
0.029858326876795342,0.958262059846709,0.01187961327649554,Graduate
0.033449901092268655,0.007357760998168755,0.9591923379095626,Dropout
0.1712837533891845,0.7947216166256704,0.03399462998514501,Enrolled
0.004568366360173827,0.00017346909222193982,0.9952581645476043,Dropout
0.06548519110415103,0.8822777919758714,0.05223701691997753,Graduate
0.0068611457496454906,9.738234071983936e-05,0.9930414719096347,Dropout
0.07334895985433326,0.00279188462819485,0.9238591555174719,Dropout
0.12471653998763811,0.24715950542385304,0.6281239545885089,Dropout
0.043586326724625486,0.003401008144057383,0.9530126651313171,Dropout
0.23003982638639534,0.7219303259688642,0.04802984764474047,Graduate
0.08669353391119941,0.8888453582757314,0.024461107813069108,Graduate
0.2423712992360803,0.6902556540566943,0.06737304670722538,Graduate
0.02986512561993331,0.004292390458089048,0.9658424839219777,Dropout
0.025637683528919264,0.9392575682202343,0.03510474825084647,Graduate
0.08468147274182683,0.8998500630773999,0.015468464180773288,Graduate
0.5140194733370799,0.008687116502295677,0.47729341016062443,Enrolled
0.38918639754264617,0.49586979960426075,0.11494380285309311,Graduate
0.024141859195893952,0.0009451936673045105,0.9749129471368015,Dropout
0.004701865049940127,0.00014844823255635294,0.9951496867175035,Dropout
0.13613045636360474,0.7559800296029516,0.10788951403344363,Graduate
0.1696042861228438,0.8108984392167894,0.01949727466036685,Graduate
0.2612177712646024,0.5546870407753294,0.1840951879600682,Graduate
0.053460193194497865,0.9284475437797443,0.018092263025757924,Graduate
0.6695285006147688,0.016448685272066187,0.3140228141131652,Enrolled
0.10718973415677537,0.8792331644319757,0.01357710141124875,Graduate
0.022627086319882198,0.968665534137257,0.008707379542860823,Enrolled
0.2810165058484417,0.15997886023983476,0.5590046339117236,Dropout
0.3642525224760428,0.5611285833474082,0.07461889417654893,Graduate
0.12944201406633812,0.8559053799882719,0.01465260594538992,Graduate
0.005585597325612675,0.00016557184930152756,0.9942488308250859,Dropout
0.48026567284837435,0.341872703594517,0.17786162355710855,Enrolled
0.0058361542937349735,0.9777902454547551,0.016373600251509926,Graduate
0.009893177691515483,0.004701472061101219,0.9854053502473832,Dropout
0.5777043254943947,0.2216110343585139,0.2006846401470914,Graduate
0.06939390798993267,0.9011621063017903,0.029443985708277182,Graduate
0.09372811952455895,0.8918265842294401,0.014445296246001079,Graduate
0.02237368708247174,0.0011306436381427868,0.9764956692793856,Dropout
0.0048950703756938845,0.9705435460471629,0.024561383577143367,Graduate
0.01602167939290141,0.9603139460754615,0.023664374531637104,Graduate
0.03689873697998346,0.0006063457605455825,0.9624949172594711,Dropout
0.09860875276929444,0.8699067926662298,0.03148445456447577,Graduate
0.07156716621985632,0.8978061154750662,0.030626718305077513,Graduate
0.16558402834137442,0.0009321668712970156,0.8334838047873285,Dropout
0.6774978837430347,0.006201259281577354,0.31630085697538807,Enrolled
0.3179420723053338,0.6369461602843531,0.045111767410313156,Graduate
0.09081544607016731,0.8849823630555035,0.02420219087432921,Graduate
0.29769427476094035,0.02406733017973777,0.6782383950593219,Graduate
0.05041733319666313,0.8763890020636417,0.07319366473969531,Dropout
0.01493070857893459,0.9673448870284654,0.01772440439259996,Graduate
0.8135504713416948,0.044269003237012036,0.14218052542129317,Dropout
0.033281755786130775,0.956262309777304,0.010455934436565196,Graduate
0.014728475241900475,5.605918879935539e-05,0.9852154655693001,Dropout
0.16451785899150667,0.5540385619228465,0.2814435790856467,Dropout
0.8386433118787258,0.07535185364056225,0.08600483448071189,Enrolled
0.6004562131536884,0.29650130367065664,0.10304248317565505,Graduate
0.0069538988177758245,0.00037786954849422494,0.99266823163373,Dropout
0.5503580130543975,0.17899497220821534,0.27064701473738717,Enrolled
0.369366146240581,0.5662397164169547,0.06439413734246426,Enrolled
0.27902798141826274,0.7018254193291991,0.01914659925253826,Graduate
0.018680177563461076,0.9600106859613735,0.021309136475165382,Graduate
0.6167064135702588,0.32657308834823495,0.05672049808150631,Enrolled
0.1254800228054816,0.0011303806691373146,0.8733895965253811,Dropout
0.09663135141423884,0.08792374387759071,0.8154449047081704,Dropout
0.16514516123728162,0.796199883683992,0.03865495507872651,Graduate
0.4472152681302725,0.513124439931732,0.03966029193799554,Enrolled
0.08660650485816612,0.8722423325713687,0.04115116257046529,Graduate
0.22047304247861552,0.5300989953697597,0.24942796215162477,Graduate
0.13546437234734524,0.849597650964425,0.01493797668822996,Graduate
0.016193472160835345,0.011069362016572843,0.9727371658225918,Dropout
0.015093515322826148,0.006616119003601875,0.9782903656735719,Dropout
0.0138922356226028,0.0009007632283936852,0.9852070011490036,Dropout
0.00790425103452506,0.9853794395451426,0.006716309420332159,Graduate
0.023707364518572145,0.9433151411830435,0.03297749429838436,Graduate
0.009981486251451059,0.00116297490343929,0.9888555388451097,Dropout
0.6603195537384255,0.01781814763511721,0.3218622986264572,Enrolled
0.6328474761034365,0.176018413302968,0.1911341105935955,Enrolled
0.003970932670336275,0.006247426904616599,0.9897816404250472,Dropout
0.49789573891409583,0.1809682592316037,0.32113600185430047,Enrolled
0.2581715017157135,0.08102327814679094,0.6608052201374954,Graduate
0.014263603863876028,0.9717655557273861,0.013970840408737691,Graduate
0.12058397154806158,0.0034173440269601443,0.8759986844249783,Dropout
0.031225463565526242,0.9327727156259159,0.03600182080855788,Graduate
0.5671939684285366,0.36981337001889175,0.06299266155257154,Enrolled
0.10160032940454641,0.8754423396899741,0.022957330905479464,Graduate
0.7283786992682709,0.17100852915018108,0.1006127715815481,Enrolled
0.12314345342172435,0.856124733288079,0.020731813290196698,Graduate
0.13246058790564794,0.849025844451494,0.018513567642858213,Graduate
0.43720987780006465,0.06949231404330959,0.4932978081566256,Enrolled
0.5598777326983878,0.36700707569828955,0.0731151916033225,Enrolled
0.0011939484942386771,0.0003286985783174458,0.9984773529274438,Dropout
0.11741321139636246,0.004879831048437009,0.8777069575552005,Dropout
0.0054979701636118684,3.141701197159122e-05,0.9944706128244164,Dropout
0.06189852111387127,0.9141268006631219,0.023974678223006713,Graduate
0.05031367803973291,0.9270186846538949,0.022667637306372137,Graduate
0.4089007850168555,0.43152168778184796,0.15957752720129667,Graduate
0.2824084817896278,0.6434171172154873,0.07417440099488484,Graduate
0.1748471880960074,0.7852439145529343,0.039908897351058396,Enrolled
0.007536763686391836,0.9875696106871967,0.004893625626411493,Graduate
0.00594431278640195,0.00018117068315250714,0.9938745165304455,Dropout
0.26924967357718327,0.7085060245248985,0.022244301897918213,Enrolled
0.013089831172499823,0.9798782412087773,0.007031927618722995,Graduate
0.008368332059878397,0.004326339964796502,0.9873053279753251,Dropout
0.027248528839826827,0.9567797883142997,0.01597168284587351,Graduate
0.019210303081186514,0.9759829232229996,0.004806773695813838,Graduate
0.8513498677362977,0.020614783122132503,0.12803534914156978,Enrolled
0.012816525969802933,0.0025247052342150843,0.9846587687959821,Dropout
0.41598013353368485,0.44173574228670043,0.14228412417961467,Dropout
0.029557805530639643,0.9492079050713577,0.021234289398002832,Graduate
0.03803501811337078,0.9530393035451994,0.008925678341429847,Graduate
0.03555623705976707,0.9442986889498174,0.020145073990415697,Graduate
0.6563364611461558,0.2542684359187732,0.0893951029350709,Graduate
0.02008898754183512,0.011129078401829555,0.9687819340563353,Dropout
0.3776158546777093,0.002686933797933133,0.6196972115243576,Dropout
0.051466250268468,0.005280001072385825,0.9432537486591462,Dropout
0.011835910421291796,0.007526617260242383,0.9806374723184659,Dropout
0.602244598386077,0.16627221869961104,0.23148318291431186,Graduate
0.20275666675409015,0.6558227110584648,0.14142062218744497,Dropout
0.00399662163708355,0.0053913191592374595,0.9906120592036789,Dropout
0.15321734134319864,0.8083983716858467,0.03838428697095455,Graduate
0.004806213499263814,0.000514139171823236,0.9946796473289129,Dropout
0.12970148132282236,0.8234776909661434,0.046820827711034144,Graduate
0.3127305753357336,0.5546677613461042,0.13260166331816226,Enrolled
0.4848527673910011,0.4566898600501172,0.05845737255888163,Graduate
0.7057801780714217,0.21250835029162504,0.08171147163695322,Graduate
0.23034287523058494,0.7457544256503644,0.023902699119050626,Graduate
0.1199737050263062,0.8705748208618017,0.009451474111891962,Graduate
0.09505020104766634,0.8947781578834143,0.010171641068919296,Graduate
0.006083274518515652,0.0033238838285757667,0.9905928416529085,Dropout
0.003934609454546377,0.0003589445735959569,0.9957064459718578,Dropout
0.0033165633487130886,0.0003177900157522312,0.9963656466355347,Dropout
0.008927538803950695,0.980834435914618,0.010238025281431291,Graduate
0.09431318689385824,0.8570941830291582,0.04859263007698356,Graduate
0.0029589336712873794,0.0006393808578098476,0.9964016854709027,Dropout
0.27333095011160524,0.6660727421856224,0.060596307702772405,Graduate
0.7989928282841144,0.14936383323351285,0.05164333848237284,Enrolled
0.04049883105424475,0.032831253455626284,0.926669915490129,Dropout
0.04041279505996013,0.945301677119023,0.014285527821016782,Graduate
0.07803948141665852,0.18314139852362302,0.7388191200597184,Dropout
0.043541133814634134,9.928713339923751e-05,0.9563595790519666,Dropout
0.4965852276560642,0.3658806866275299,0.1375340857164059,Dropout
0.2164180248260984,0.7137448095564533,0.06983716561744842,Dropout
0.8372671214779179,0.14128473307490944,0.021448145447172745,Enrolled
0.8136888452082104,0.04593269583756617,0.1403784589542234,Enrolled
0.7334359549938727,0.007971631450419313,0.25859241355570806,Dropout
0.27531781493778434,0.6700721896496447,0.05460999541257103,Graduate
0.5610133443931504,0.01158459492406824,0.4274020606827813,Enrolled
0.46892027295965244,0.4514022706207834,0.07967745641956424,Graduate
0.025293875127126175,0.9476729695625808,0.02703315531029297,Graduate
0.5004474814340144,0.3894874237885009,0.11006509477748463,Enrolled
0.002889851783082275,0.000988808700487917,0.9961213395164297,Dropout
0.3286800663101413,0.5613400182724484,0.10997991541741023,Enrolled
0.15455145050807736,0.7958955737028199,0.04955297578910261,Graduate
0.5543781297823115,0.25464325015119693,0.19097862006649158,Graduate
0.03746994954856418,0.9512426970140254,0.01128735343741039,Graduate
0.53099544350039,0.40852729550373845,0.060477260995871626,Enrolled
0.39749147961216363,0.54500631168894,0.05750220869889643,Graduate
0.15859730361170465,0.03144984938401342,0.8099528470042819,Dropout
0.786842533614566,0.044237377309763966,0.16892008907567005,Enrolled
0.7567686137200976,0.056762492157993276,0.18646889412190898,Enrolled
0.007091629338671628,0.0004496140577105774,0.9924587566036178,Dropout
0.04349283943934089,0.9401424587430403,0.016364701817619016,Dropout
0.04743195652959666,0.9399134889758791,0.012654554494524226,Graduate
0.008679165549218147,8.437684452727897e-05,0.9912364576062546,Dropout
0.45027055245299347,0.4696429872611659,0.08008646028584068,Graduate
0.014473497602900906,0.9696475725126793,0.015878929884419874,Graduate
0.13653918087396516,0.003613366611582074,0.8598474525144528,Dropout
0.09363455325060742,0.8674889699083626,0.038876476841030135,Graduate
0.6881093762627213,0.2402036078138051,0.07168701592347361,Enrolled
0.010311366431128937,0.9679125421261445,0.0217760914427265,Graduate
0.020891055921329452,0.9702941042602407,0.00881483981842996,Graduate
0.05055740812489607,0.8980122743297195,0.05143031754538428,Enrolled
0.04777110608293898,0.9382427075671198,0.013986186349941192,Graduate
0.08834608103212382,0.8971925959484113,0.014461323019465077,Graduate
0.09500867245039503,0.8214091799335824,0.08358214761602245,Graduate
0.03780617713647432,0.941880908683855,0.02031291417967058,Graduate
0.6960594140521086,0.20713921531636806,0.09680137063152337,Graduate
0.1213121534861907,0.015496535372935933,0.8631913111408733,Dropout
0.21735827839287714,0.7202005288238632,0.062441192783259554,Graduate
0.01665866762141597,0.9706060095572673,0.012735322821316704,Graduate
0.22549579740926068,0.7220085575329132,0.052495645057826265,Enrolled
0.016102396706959014,0.00588134818888535,0.9780162551041556,Dropout
0.7696804675808285,0.05161662945541571,0.17870290296375577,Enrolled
0.18764108822507633,0.00853537655567957,0.8038235352192441,Dropout
0.06565052359668183,0.8418989165790979,0.09245055982422022,Graduate
0.14797396652302844,0.8017578615876566,0.050268171889315004,Enrolled
0.11184728447705117,0.8686989842649002,0.0194537312580486,Graduate
0.0002773653698665474,0.000592742729916041,0.9991298919002174,Dropout
0.0049357315424311205,0.0037914615981758716,0.9912728068593929,Dropout
0.17157539396654586,0.7807959602063708,0.04762864582708339,Graduate
0.046091738582875394,0.9455926543197453,0.008315607097379345,Enrolled
0.06333715939005538,0.9188805314174546,0.01778230919249004,Enrolled
0.02941015927653088,0.9637747268226565,0.006815113900812494,Graduate
0.028738252087942655,0.9638242943382461,0.007437453573811109,Graduate
0.004761797344724053,0.9716325085644502,0.02360569409082585,Graduate
0.0009678128654341463,0.0007883635646326882,0.9982438235699331,Dropout
0.1431268175548157,0.697084009202837,0.1597891732423473,Graduate
0.16894954092899087,0.794427536561954,0.03662292250905527,Graduate
0.044643180958399684,0.005973149683599725,0.9493836693580006,Dropout
0.04467119083816697,0.939844085120113,0.015484724041719983,Graduate
0.0049046580136155255,0.007023012272885791,0.9880723297134986,Dropout
0.2881232574913812,0.6792041633204474,0.03267257918817142,Graduate
0.001776676682278759,0.00030216663258270847,0.9979211566851386,Dropout
0.19041030351552965,0.693472981472234,0.11611671501223647,Graduate
0.014096347982978708,0.9512735253182116,0.03463012669880954,Graduate
0.004261861782809265,0.002422570315124713,0.993315567902066,Dropout
0.004753733534795071,0.0005075426501438175,0.9947387238150611,Dropout
0.0559777668868621,0.9122706643223752,0.031751568790762734,Graduate
0.02373622127394696,0.9384776992819712,0.03778607944408194,Graduate
0.01883055964982598,0.00022391532558921985,0.9809455250245849,Dropout
0.38648862803468575,0.4593123582663643,0.15419901369895012,Enrolled
0.4778339240016948,0.3027492079746275,0.21941686802367763,Dropout
0.0043243454381264885,0.0007021172610653293,0.9949735373008082,Dropout
0.00153610182251376,0.0001698864474482415,0.9982940117300381,Dropout
0.011694385937435376,0.00578348031634974,0.9825221337462149,Dropout
0.5809755046428046,0.008094574360485374,0.41092992099671016,Dropout
0.03172293511415029,0.9561845027698663,0.012092562115983403,Graduate
0.04440001842816936,0.9319297642582351,0.02367021731359554,Graduate
0.3282214570939293,0.6209181680956603,0.05086037481041048,Enrolled
0.006916969949558412,0.9627932184823415,0.030289811568100105,Graduate
0.24367252305761486,0.7044026132911378,0.05192486365124725,Enrolled
0.16908255689323964,0.7832255185687195,0.04769192453804087,Enrolled
0.13126992868904647,0.8477844329627839,0.020945638348169506,Enrolled
0.04870148725765818,0.0025326248343262338,0.9487658879080156,Dropout
0.43108109473450557,0.15353654440265616,0.41538236086283825,Dropout
0.025041799893067887,0.951249545193758,0.023708654913173994,Graduate
0.5633956545217038,0.03992056096519599,0.39668378451310027,Enrolled
0.2077951952416659,0.0017261571719995724,0.7904786475863345,Enrolled
0.29981141442447057,0.003695078244088555,0.6964935073314408,Dropout
0.06564824906226067,0.8745291162662255,0.05982263467151392,Graduate
0.03125787344804661,0.963893628925449,0.004848497626504366,Graduate
0.15990110451360195,0.7972855593321302,0.042813336154267835,Graduate
0.03460430669722254,0.004981496813500513,0.9604141964892768,Dropout
0.053459740463508335,0.0018297310300182353,0.9447105285064735,Dropout
0.029845186890806143,0.9518055973746835,0.018349215734510316,Graduate
0.027971000596032924,0.9542336226415764,0.01779537676239062,Graduate
0.011141083306720591,0.9822869619408343,0.006571954752445121,Graduate
0.046474258721789015,0.9421736304651994,0.011352110813011483,Graduate
0.027051002628602622,0.005006658711510308,0.967942338659887,Dropout
0.046517885871589316,0.0021760272773144232,0.9513060868510962,Dropout
0.4386211255701934,0.012854109916515703,0.5485247645132909,Dropout
0.007320266523571511,0.0002811841223850354,0.9923985493540435,Dropout
0.00773507449406947,0.9877120883782943,0.004552837127636326,Graduate
0.011395199336770741,0.004392414007009639,0.9842123866562197,Dropout
0.2198532494192753,0.00034183112472262764,0.779804919456002,Dropout
0.07376198527301651,0.003393439176169299,0.9228445755508142,Dropout
0.009472548875341515,0.027050790897101096,0.9634766602275574,Dropout
0.2026734617096428,0.0894424989171721,0.707884039373185,Dropout
0.023435321673416862,0.9536221474073927,0.022942530919190438,Graduate
0.18599253255580073,0.0008244748579714338,0.8131829925862277,Dropout
0.011527025951722144,0.0006423094361473394,0.9878306646121306,Dropout
0.13398657867311253,0.01830452890293334,0.8477088924239541,Dropout
0.4882379256351321,0.28051232657782416,0.23124974778704363,Enrolled
0.016122692482354407,0.9736335021517337,0.0102438053659119,Graduate
0.017573845845457355,0.9728261766758032,0.009599977478739434,Graduate
0.004802370703700584,0.00015805608113152154,0.9950395732151679,Dropout
0.015931767638585566,0.008865759337683533,0.975202473023731,Dropout
0.08865151991338602,0.892372986756627,0.018975493329986895,Graduate
0.786358814379878,0.09596884764432916,0.11767233797579296,Dropout
0.6195816923555265,0.00663287263449623,0.3737854350099773,Enrolled
0.6070523356962613,0.034474046038789,0.35847361826494983,Dropout
0.10939066396710584,0.8482196809776364,0.04238965505525767,Graduate
0.0967348365424925,0.002712894859207129,0.9005522685983003,Dropout
0.0498700545236368,0.0031148441785550113,0.9470151012978082,Dropout
0.09297516332228305,0.90092937263654,0.006095464041176887,Graduate
0.07446974931479898,0.913418174767691,0.012112075917509955,Graduate
0.043623362034853425,0.9456611634517726,0.010715474513373974,Graduate
0.02513892419375804,0.02757868102325893,0.947282394782983,Dropout
0.018038054122746373,0.9634304099009109,0.018531535976342817,Graduate
0.7426776625584225,0.01818479876992459,0.23913753867165297,Enrolled
0.007810997829534948,0.004204354839029367,0.9879846473314357,Graduate
0.0005106064561755404,0.0002955542833371927,0.9991938392604872,Dropout
0.7749746698675885,0.11093965720877262,0.11408567292363893,Enrolled
0.054581034430212616,0.00332070629915143,0.942098259270636,Dropout
0.061396934700747446,0.8914891635984279,0.047113901700824634,Graduate
0.26330925693441815,0.6856896091285565,0.05100113393702535,Enrolled
0.005282755155276605,0.9889328955040793,0.0057843493406441685,Graduate
0.055547927340096614,0.0008044886308910898,0.9436475840290123,Dropout
0.009019904251455596,0.9853526004928183,0.005627495255726204,Graduate
0.04681766421516268,0.93568608591428,0.017496249870557326,Graduate
0.7994286530346838,0.13287923396096069,0.06769211300435535,Enrolled
0.02017739422569771,0.973452968786741,0.006369636987561103,Graduate
