pred_Enrolled,pred_Graduate,pred_Dropout,true
0.024540299233709935,0.9686633146004284,0.006796386165861742,Graduate
0.0628101729382451,0.017478777536934893,0.9197110495248201,Dropout
0.08213785696673029,0.8622777700760409,0.05558437295722871,Graduate
0.592897500304751,0.17341789786071585,0.23368460183453318,Enrolled
0.05966066897440945,0.9297962798314121,0.010543051194178452,Graduate
0.013977751717244021,0.9757716779128013,0.010250570369954715,Graduate
0.08660057965014502,0.8699424005597163,0.04345701979013873,Graduate
0.5080590736332762,0.24726429172799208,0.2446766346387318,Dropout
0.8238103236782025,0.09466790141853507,0.08152177490326239,Enrolled
0.05902230645173285,0.8808721646982625,0.0601055288500047,Graduate
0.043003979241361005,0.00344387757746061,0.9535521431811783,Dropout
0.7369534698586914,0.04415124403329813,0.2188952861080105,Dropout
0.019273803309742318,0.005144178028044743,0.9755820186622131,Dropout
0.032204748960339265,0.9552848608887577,0.012510390150902903,Graduate
0.02961532061460683,0.9496427161394145,0.02074196324597873,Graduate
0.08510747095989378,0.735590194816978,0.1793023342231284,Enrolled
0.5387295147309614,0.013169279076878853,0.44810120619215976,Enrolled
0.11099401120231484,0.8694560671954393,0.019549921602245723,Graduate
0.046856331002562354,0.9275251034680706,0.025618565529367036,Graduate
0.33998113341048786,0.49983251887628416,0.16018634771322815,Graduate
0.029383263702522998,0.929680141053049,0.04093659524442797,Graduate
0.1031688919800129,0.02363645138967514,0.873194656630312,Graduate
0.32192972193875896,0.6192997856124076,0.05877049244883343,Graduate
0.06883782538123709,0.9152179877726588,0.015944186846104158,Graduate
0.045062603816205346,0.9355169725349706,0.019420423648823952,Graduate
0.024338245960969406,0.00529130194811339,0.9703704520909171,Dropout
0.0032313316594672365,0.0028852403166589164,0.9938834280238739,Dropout
0.06390093295198344,0.003508225294369712,0.9325908417536467,Dropout
0.04496175602658038,0.02962398481944683,0.9254142591539728,Graduate
0.7619751658614948,0.007310091070877789,0.23071474306762751,Dropout
0.2475560575340546,0.7214992125229803,0.03094472994296508,Enrolled
0.688542332591864,0.27502356987269094,0.03643409753544503,Enrolled
0.014765430940194155,0.9785834483929825,0.006651120666823368,Graduate
0.15469912867787458,0.8191843229597484,0.026116548362377014,Graduate
0.007625617563412198,0.005158906697519385,0.9872154757390684,Dropout
0.10505149582222638,0.011779218945327949,0.8831692852324456,Dropout
0.027265002922041717,0.9592040357070103,0.013530961370948037,Graduate
0.015678515563541773,0.9638197512240944,0.020501733212363978,Graduate
0.07648548791979398,0.9014739466005122,0.022040565479693894,Graduate
0.5405070601846149,0.4332201853814958,0.026272754433889305,Enrolled
0.3727107107365921,0.3563917828072633,0.2708975064561446,Dropout
0.1260869897192804,0.012500691834728128,0.8614123184459914,Dropout
0.014080883147798479,0.9729491870212432,0.012969929830958179,Graduate
0.02240930303409814,0.9658275849845134,0.011763111981388448,Graduate
0.012069844124103328,0.9810314371981471,0.006898718677749634,Graduate
0.01291903822252744,0.005111666063885741,0.9819692957135868,Dropout
0.39130741066646535,0.5166525566711092,0.09204003266242554,Graduate
0.06548186688023915,0.1298784894830127,0.8046396436367481,Dropout
0.24658742483264084,0.6139961407771095,0.13941643439024964,Graduate
0.05110432433990594,0.9152985821430248,0.03359709351706931,Graduate
0.03335434160498112,0.9436021598758991,0.023043498519119722,Graduate
0.027518132475431348,0.9379204249136339,0.03456144261093477,Graduate
0.016812686773144455,0.0005279520904476079,0.9826593611364078,Dropout
0.15511887627912327,0.8015461143194726,0.04333500940140402,Graduate
0.2069653128016816,0.006290843873780638,0.7867438433245377,Dropout
0.011581531661620638,0.9766686245951021,0.011749843743277262,Graduate
0.011483428387270829,0.975758827114915,0.01275774449781421,Graduate
0.015625504276859433,0.9724793936254561,0.011895102097684582,Graduate
0.03941384936299369,0.003689412498345267,0.9568967381386609,Dropout
0.7933067209441335,0.13465562193596392,0.07203765711990263,Enrolled
0.07777437908882082,0.5637527146084343,0.35847290630274486,Graduate
0.6676318013933255,0.042060087810041946,0.29030811079663277,Graduate
0.005080680051261911,0.9913187459744536,0.003600573974284478,Graduate
0.015519677643747233,0.009541493526975591,0.9749388288292772,Dropout
0.03966613637531045,0.946794968217042,0.013538895407647467,Graduate
0.09012218435967721,0.8922276271910664,0.017650188449256442,Graduate
0.2104790628140113,0.014905989078488986,0.7746149481074998,Dropout
0.04111822914316931,0.9359872471625609,0.02289452369426981,Graduate
0.03616891473339735,0.9478902462274174,0.015940839039185466,Graduate
0.006368051301211148,0.0010291836129887495,0.9926027650858,Dropout
0.006768561838577331,0.004367304927452093,0.9888641332339705,Dropout
0.6134582875083431,0.23690514432108814,0.14963656817056883,Enrolled
0.010039757992623317,0.9832207768112352,0.006739465196141345,Graduate
0.02522521164093268,0.9622309586176955,0.01254382974137187,Graduate
0.28785935161292375,0.6683250313667684,0.043815617020307854,Graduate
0.04727253330170345,0.9441355446555856,0.008591922042710967,Graduate
0.016013721323416497,0.004963397035412861,0.9790228816411706,Dropout
0.02751716093322776,0.9556719418686804,0.016810897198091874,Graduate
0.009748998691319542,0.0016301544802954982,0.988620846828385,Dropout
0.06971327672590559,0.20359736635447762,0.7266893569196168,Dropout
0.6260950109896786,0.045960032345033604,0.32794495666528783,Enrolled
0.07709860316339018,0.8817846539319473,0.041116742904662495,Graduate
0.020419653999359678,0.9687928172607093,0.010787528739930982,Graduate
0.011201250683264007,0.0005751118921825072,0.9882236374245534,Dropout
0.07887296130562768,0.07855848423337058,0.8425685544610018,Dropout
0.04180370253740162,0.11829874842835368,0.8398975490342447,Dropout
0.026701949778801633,0.9508737700508308,0.022424280170367596,Graduate
0.015535632209673076,0.9638238076891857,0.020640560101141195,Graduate
0.11037234451221149,0.2740885358333468,0.6155391196544417,Dropout
0.009986951201063287,0.9747569346507408,0.015256114148196095,Graduate
0.012902836362240447,0.004636179837899219,0.9824609837998605,Dropout
0.21874910892038535,0.6093719350961104,0.1718789559835043,Enrolled
0.03286956041274612,0.034272246812652424,0.9328581927746014,Dropout
0.07906407227416165,0.004907200226372551,0.9160287274994657,Dropout
0.0013764371078187388,0.00046053185895524257,0.998163031033226,Dropout
0.6462203206694995,0.29008070141006953,0.06369897792043096,Graduate
0.11197940655957374,0.8526730869525442,0.03534750648788206,Graduate
0.07214253123985774,0.9036383653178552,0.024219103442287115,Graduate
0.5507404366365478,0.023435912919806783,0.4258236504436454,Dropout
0.08121133503136495,0.24619298360660039,0.6725956813620346,Dropout
0.013611682731821324,0.9679161172409756,0.018472200027203057,Graduate
0.7415796474607492,0.09330720024928288,0.16511315228996806,Dropout
0.05711655521043469,0.011979377326378311,0.9309040674631869,Enrolled
0.03946528393813955,0.9170002089027518,0.04353450715910879,Graduate
0.23306344277029795,0.611493278646142,0.1554432785835601,Enrolled
0.01900342527496045,0.9410666228045589,0.039929951920480614,Graduate
0.023813183546270093,0.9672170468564747,0.008969769597255163,Graduate
0.04159735501465854,0.013888695957699478,0.9445139490276421,Dropout
0.8958161080417826,0.004035797580326421,0.10014809437789093,Enrolled
0.014624973494654497,0.976061331266636,0.00931369523870967,Graduate
0.011527357695201855,0.0011126909450751442,0.987359951359723,Dropout
0.11267212248428586,0.8201831372194598,0.06714474029625438,Graduate
0.19814397183574506,0.7583817371370734,0.04347429102718153,Enrolled
0.07705378559150756,0.8685484598675592,0.054397754540933076,Graduate
0.031189517636201394,0.9429417033435603,0.02586877902023816,Graduate
0.05283109850144454,0.9264830664967282,0.020685835001827232,Graduate
0.2893828608948373,0.6888058069228893,0.021811332182273453,Enrolled
0.7276880330486761,0.1747462922221213,0.09756567472920258,Enrolled
0.020401645761835095,0.9657582259589657,0.013840128279199206,Graduate
0.09812400786267249,0.6049837563944138,0.2968922357429137,Graduate
0.0150213848084359,0.005740778936148079,0.9792378362554159,Dropout
0.02685027433702112,0.9587851025248192,0.01436462313815958,Graduate
0.24731505931196734,0.5387020983642024,0.21398284232383025,Graduate
0.2757093907039047,0.5799611653707069,0.1443294439253884,Enrolled
0.03440555833683517,0.0019451003299889725,0.9636493413331758,Dropout
0.7546219934989588,0.11435294330092932,0.13102506320011187,Enrolled
0.05983365290390508,0.8947636782200153,0.045402668876079605,Graduate
0.005392718476852997,0.001583860749650144,0.9930234207734969,Dropout
0.5442210643081432,0.06892604215799314,0.38685289353386376,Dropout
0.020749844212846525,0.00741594013683542,0.9718342156503181,Dropout
0.0028483558512930685,0.000605830579900956,0.9965458135688059,Dropout
0.07345936819843939,0.007809768780334339,0.9187308630212263,Dropout
0.4439347628707042,0.003461452462145726,0.5526037846671501,Enrolled
0.10210001736564944,0.8825900009412586,0.015309981693091968,Graduate
0.21995387837224545,0.7452671022176155,0.034779019410139264,Graduate
0.030136869833025604,0.9545595085243078,0.015303621642666422,Graduate
0.5227926945292127,0.42616283998521937,0.051044465485568034,Enrolled
0.03304577513025772,0.9385688156607076,0.028385409209034772,Graduate
0.017216124284642795,0.9639922732238632,0.018791602491494218,Graduate
0.0594889801216132,0.9119861975906729,0.028524822287713962,Graduate
0.023261874752797902,0.9647060149683195,0.012032110278882572,Graduate
0.16730485705678783,0.8026969499367519,0.029998193006460408,Enrolled
0.004960968593689004,0.0008016548201572495,0.9942373765861536,Dropout
0.10708795609371509,0.8717810079172189,0.021131035989066037,Graduate
0.0161774133201727,0.0010585220736846319,0.9827640646061427,Dropout
0.04144097950134589,0.9153491780754892,0.04320984242316488,Graduate
0.020583248208656958,0.043333142634648734,0.9360836091566942,Dropout
0.00891056137818593,0.003498667067324183,0.98759077155449,Dropout
0.012838879058952271,0.9831978575057857,0.003963263435261942,Graduate
0.05165580630790305,0.9376986971514335,0.010645496540663409,Graduate
0.07259084039021668,0.8963707971055238,0.031038362504259617,Graduate
0.11851377960928264,0.5051674362078534,0.37631878418286396,Graduate
0.009338043056614342,0.0369512424246936,0.953710714518692,Dropout
0.13420578346897183,0.09432586877897495,0.7714683477520531,Dropout
0.008731697714770881,0.0022460658011224876,0.9890222364841066,Dropout
0.0070543385895167334,0.0007176589933127888,0.9922280024171705,Dropout
0.014857061432653057,0.009195963000123146,0.9759469755672238,Dropout
0.03752202931070973,0.9366995697666664,0.025778400922623953,Enrolled
0.7100389786694491,0.1974482230105852,0.09251279831996566,Enrolled
0.05404587981280408,0.01724158299289696,0.9287125371942989,Dropout
0.046733030927551454,0.9243820675446072,0.028884901527841282,Enrolled
0.12680401595649554,0.002162897524116967,0.8710330865193874,Dropout
0.6997964269737201,0.04616889193659405,0.2540346810896858,Enrolled
0.35483414199326735,0.599606723797058,0.04555913420967466,Enrolled
0.5206646371308308,0.18807031705080124,0.29126504581836793,Enrolled
0.05184959263063108,0.9243958058362797,0.023754601533089365,Graduate
0.4812893688123885,0.46669178023094815,0.052018850956663434,Enrolled
0.04687252954269675,0.9358618855688744,0.017265584888428786,Graduate
0.10698332388409207,0.8525511791423671,0.040465496973540765,Graduate
0.018984293750172274,0.9671722759947178,0.013843430255109795,Graduate
0.032751269317623545,0.9481310415448266,0.01911768913754981,Graduate
0.01144638851576438,0.9778137147984667,0.01073989668576886,Graduate
0.05259439771578362,0.09587182788709277,0.8515337743971235,Dropout
0.011706800236021591,0.0009777623416990652,0.9873154374222793,Dropout
0.014525703457625603,0.97248776238688,0.012986534155494604,Graduate
0.009974647009658784,0.004834933675191028,0.9851904193151502,Dropout
0.0371811078949269,0.0021240825733249234,0.9606948095317482,Dropout
0.14068658456953073,0.8382434097938132,0.021070005636656047,Graduate
0.03729779023693602,0.007850311101455345,0.9548518986616086,Dropout
0.02774837742207868,0.008510555091489479,0.9637410674864318,Dropout
0.30313802891892216,0.6703127660011537,0.026549205079924042,Graduate
0.7464725321581267,0.08190133752281505,0.17162613031905818,Enrolled
0.27281750540433247,0.6751164853924073,0.05206600920326015,Dropout
0.0075670657153327475,0.0034930620762836455,0.9889398722083835,Dropout
0.03412657815813318,0.00523962005502187,0.960633801786845,Dropout
0.20777468882669542,0.745794217171218,0.046431094002086594,Enrolled
0.010214683187135113,0.009540172725425072,0.9802451440874397,Dropout
0.02144987407387551,0.9577050492726917,0.020845076653432645,Graduate
0.008156489719297666,0.9878287544496839,0.004014755831018374,Graduate
0.7256451346429679,0.04146568501275908,0.23288918034427314,Dropout
0.5010640569595312,0.43271708606243,0.06621885697803885,Graduate
0.31699497165042717,0.612335118713291,0.07066990963628174,Graduate
0.06033323899808713,0.9122027962506813,0.02746396475123156,Graduate
0.2389323362866708,0.7080486389325267,0.053019024780802504,Graduate
0.13124824327568438,0.7206164208432569,0.14813533588105873,Graduate
0.0800083600865602,0.895328204654189,0.02466343525925077,Graduate
0.013949727746734714,0.001710809221017093,0.9843394630322482,Dropout
0.011083792825255671,0.006711332111264403,0.98220487506348,Graduate
0.6700521885426687,0.2699398745311889,0.0600079369261423,Graduate
0.022308113054477875,0.964740350172186,0.012951536773335978,Graduate
0.12536626349088895,0.018810388750928247,0.8558233477581828,Dropout
0.5401086418018355,0.34743142121178655,0.1124599369863778,Dropout
0.1333565695015845,0.016961480276478064,0.8496819502219375,Dropout
0.057784107896170694,0.9227272664795865,0.019488625624242854,Graduate
0.11523309738235395,0.8512683341987274,0.033498568418918656,Graduate
0.21984456073979175,0.7268616315817514,0.05329380767845697,Graduate
0.011952382458730818,0.7063031712407424,0.28174444630052686,Graduate
0.3841069311326454,0.5463233100919727,0.06956975877538199,Enrolled
0.001979241983887204,0.0008179237764017963,0.997202834239711,Dropout
0.019412461747001578,0.9551900783116073,0.0253974599413911,Graduate
0.026534806590953215,0.9545299200102865,0.018935273398760402,Graduate
0.02516458560483582,0.9514115295587317,0.023423884836432398,Graduate
0.1476467787591279,0.012898365646026373,0.8394548555948458,Enrolled
0.8017706755056255,0.0655859259857378,0.13264339850863674,Enrolled
0.08976447848377962,0.8756776814136554,0.0345578401025649,Graduate
0.1283974292784718,0.858493695246523,0.013108875475005142,Graduate
0.3297068768071926,0.6075795263234427,0.06271359686936472,Graduate
0.2742934330402358,0.6926064533522264,0.03310011360753781,Graduate
0.17311676962657674,0.801312011646816,0.025571218726607274,Graduate
0.007872196635153202,0.0011413715156304359,0.9909864318492164,Dropout
0.017932391839982676,0.965143554682644,0.016924053477373295,Graduate
0.9619573135872612,0.013044096494223266,0.024998589918515453,Enrolled
0.04180933959842134,0.947809328679046,0.010381331722532723,Enrolled
0.2683572281481826,0.6906265022618362,0.04101626958998125,Graduate
0.6535276706444897,0.2771396371054557,0.06933269225005459,Enrolled
0.5262357085643855,0.4304072714786992,0.043357019956915266,Enrolled
0.013716615264413116,0.9546756410139627,0.03160774372162419,Graduate
0.03029191999339273,0.9446194989022091,0.02508858110439828,Graduate
0.0411062334831146,0.007265566113337614,0.9516282004035479,Dropout
0.007299342149669422,0.9847708492935547,0.007929808556775792,Graduate
0.017523957051431893,0.9577821489931383,0.024693893955429813,Graduate
0.04934557902471205,0.011810592577533002,0.938843828397755,Dropout
0.03358201966557759,0.9288673156464592,0.037550664687963455,Graduate
0.027201420902558726,0.9609631811287815,0.011835397968659787,Graduate
0.0090838490817878,0.004105865609759887,0.9868102853084523,Dropout
0.12379110832607454,0.8263725290771001,0.04983636259682545,Graduate
0.03376197234557319,0.9400672683490355,0.026170759305391082,Graduate
0.023729743479245165,0.9602121540207009,0.01605810250005401,Graduate
0.07082889400804088,0.922146986926383,0.007024119065576132,Graduate
0.287207759337898,0.6811148014213554,0.031677439240746515,Graduate
0.12609535630082858,0.008435760337307037,0.8654688833618644,Enrolled
0.09246782959073319,0.008990993159362071,0.8985411772499049,Dropout
0.007532016730800788,0.9712712039612569,0.02119677930794235,Graduate
0.023985248831024063,0.9669753487616419,0.00903940240733387,Graduate
0.004726366759678224,0.0020797917941458586,0.993193841446176,Dropout
0.027734009792291892,0.005327839159878933,0.9669381510478292,Dropout
0.7482823943246628,0.023653686001972218,0.228063919673365,Enrolled
0.631918628016305,0.23518620249020467,0.13289516949349028,Enrolled
0.11834897454296178,0.8235955320625623,0.058055493394476076,Graduate
0.01665901046937882,0.9738788863229887,0.009462103207632607,Graduate
0.2575604152927391,0.47222889289590486,0.27021069181135604,Graduate
0.6730853931315844,0.11361449005489599,0.21330011681351962,Enrolled
0.2983643770122928,0.6568116746237713,0.04482394836393594,Graduate
0.13944292400232647,0.8132320123491977,0.047325063648475794,Enrolled
0.6833502525628296,0.1543948443733908,0.16225490306377957,Dropout
0.6590928846741537,0.08858146584930553,0.2523256494765408,Enrolled
0.008964530013628383,0.003874392287457464,0.9871610776989141,Dropout
0.4213161054412079,0.5201993386949437,0.05848455586384845,Graduate
0.12295226448233955,0.07826424541369002,0.7987834901039704,Dropout
0.03125716886445162,0.009957313559371366,0.9587855175761771,Dropout
0.23139051823807127,0.6007170965743825,0.1678923851875462,Graduate
0.007201980357844634,0.0027367194942743123,0.990061300147881,Dropout
0.009219503189163395,0.0012619466147131507,0.9895185501961234,Dropout
0.02435591961902894,0.008305475678539872,0.9673386047024312,Dropout
0.026886504856326248,0.9533092345857522,0.019804260557921564,Graduate
0.4624599076316042,0.09855704527437462,0.43898304709402114,Enrolled
0.0012858038462232651,0.000405889061043596,0.9983083070927331,Dropout
0.011020239074669752,0.9774330805624946,0.011546680362835729,Graduate
0.014300909322461542,0.9764848605560372,0.009214230121501145,Graduate
0.8512170608819598,0.04802852990975754,0.10075440920828269,Enrolled
0.035684471586129946,0.9464322088432962,0.017883319570574006,Graduate
0.03696011358600921,0.9408624615107123,0.022177424903278307,Graduate
0.07995842088488701,0.8353295338396847,0.08471204527542837,Graduate
0.00538115014811372,0.0006573599269581147,0.9939614899249282,Dropout
0.11581092504767362,0.7706397043322725,0.11354937062005398,Graduate
0.02225802622061437,0.9164984432542801,0.06124353052510547,Graduate
0.5053879936191751,0.3513704715201144,0.14324153486071045,Enrolled
0.002661953876559323,0.9847086605864985,0.01262938553694233,Graduate
0.19691404323579964,0.7698788611267151,0.03320709563748517,Enrolled
0.017388679368398736,0.9759201241881468,0.006691196443454382,Graduate
0.02176461399350459,0.9668880573850976,0.011347328621397753,Graduate
0.005575376781118672,0.9892455403681277,0.005179082850753599,Graduate
0.081487679145842,0.8687104960364598,0.04980182481769823,Graduate
0.4806361771221022,0.05787230158377798,0.4614915212941199,Dropout
0.06248525730388553,0.01388247635136135,0.923632266344753,Dropout
0.02947810012112681,0.9547128441412045,0.01580905573766874,Graduate
0.07393724951503557,0.31622768493110276,0.6098350655538617,Dropout
0.15149800700620988,0.7392227131569769,0.10927927983681328,Graduate
0.23200059733090656,0.6536601220075686,0.1143392806615248,Graduate
0.058887190992137343,0.2596962792093397,0.681416529798523,Graduate
0.015109180219365616,0.9709826305174397,0.013908189263194566,Graduate
0.051134108131201,0.004114122422024942,0.9447517694467741,Dropout
0.06444075172139949,0.007383689322281745,0.9281755589563186,Dropout
0.039982933320777736,0.9501340310192425,0.00988303565997951,Graduate
0.6342963446271456,0.015391380902906242,0.3503122744699483,Enrolled
0.041395522086512995,0.0076465953056127235,0.9509578826078743,Dropout
0.6710826981438863,0.18361877528364934,0.14529852657246425,Enrolled
0.023718566601037355,0.9521269774745087,0.02415445592445394,Graduate
0.11883712344510564,0.8586118643459765,0.022551012208917944,Graduate
0.06648943992169594,0.8786250398610683,0.054885520217235834,Graduate
0.5799488609948174,0.27593304294919513,0.14411809605598758,Graduate
0.04176012354564163,0.00656382007901571,0.9516760563753427,Dropout
0.6075559488002442,0.24326892441928605,0.1491751267804697,Graduate
0.48668884990358297,0.37204559891880423,0.14126555117761286,Graduate
0.14433629595121217,0.0018710568890731197,0.8537926471597147,Dropout
0.7890759889658582,0.0014755584995907757,0.20944845253455097,Enrolled
0.008566393624078949,0.0011038010018724355,0.9903298053740486,Dropout
0.7941892232071645,0.05806097342031393,0.14774980337252175,Enrolled
0.02466296950037008,0.9644172237963992,0.010919806703230835,Graduate
0.02029146775757524,0.009877766412001472,0.9698307658304233,Dropout
0.09254677634677906,0.8648363810897419,0.04261684256347892,Graduate
0.6698915819913284,0.1249396684489474,0.20516874955972414,Enrolled
0.5259548816029744,0.31234837050293124,0.1616967478940944,Graduate
0.7337617800319765,0.22177998063860593,0.04445823932941759,Enrolled
0.048462395555029146,0.02922243384830948,0.9223151705966613,Dropout
0.4427107744825251,0.4904087284385472,0.06688049707892776,Enrolled
0.1663622411067678,0.7411061720633084,0.0925315868299236,Graduate
0.6189011382011598,0.019125041878884183,0.3619738199199559,Enrolled
0.6181358054952515,0.2097011107251538,0.17216308377959477,Dropout
0.7317482970284317,0.04649251396848625,0.221759189003082,Dropout
0.008325192040892784,0.002039015426440057,0.9896357925326671,Dropout
0.06757401335683676,0.887057831489177,0.04536815515398618,Graduate
0.658765642496172,0.01259067450605435,0.32864368299777363,Enrolled
0.007680595708884628,0.01525764021211614,0.9770617640789993,Dropout
0.0682899520628326,0.911137661765101,0.020572386172066498,Graduate
0.4981368935877143,0.0130190201075665,0.48884408630471926,Dropout
0.011541670925018586,0.0015003746638252683,0.9869579544111562,Dropout
0.08966912272892433,0.8844583076183274,0.02587256965274825,Graduate
0.14368441236814117,0.8207727973930486,0.03554279023881012,Graduate
0.8009179149255302,0.03667609608589363,0.16240598898857608,Dropout
0.9571268963919018,0.009171641295630518,0.0337014623124677,Enrolled
0.05258108716972486,0.9303792907979171,0.01703962203235791,Graduate
0.30694446827568966,0.4663344960789657,0.22672103564534457,Enrolled
0.012154798615364835,0.9648116896302831,0.023033511754351987,Graduate
0.04115699483884798,0.929782910290645,0.02906009487050716,Graduate
0.011352606046524579,0.9789437171671562,0.009703676786319245,Graduate
0.15920899268331196,0.13615579088137061,0.7046352164353175,Dropout
0.07223904648968635,0.867171090868325,0.060589862641988596,Graduate
0.29303359178895244,0.6952725047331715,0.011693903477876116,Enrolled
0.6062473381352029,0.05476766833802201,0.33898499352677514,Enrolled
0.27586101397398116,0.6850910318475468,0.039047954178472205,Graduate
0.01806398430002177,0.0030673540973680125,0.9788686616026103,Dropout
0.01695643748419063,0.9738250079208692,0.009218554594940006,Graduate
0.06403170414861047,0.869430364305755,0.06653793154563452,Graduate
0.03110639569497527,0.9516309751141263,0.01726262919089843,Graduate
0.11952679657865317,0.7938211973129834,0.08665200610836338,Enrolled
0.621375020221668,0.2008908080863448,0.1777341716919871,Graduate
0.037923807806274204,0.00202151794542054,0.9600546742483053,Dropout
0.0073673107815496455,0.9802973456164535,0.012335343601996753,Graduate
0.01593462402997285,0.0036872053447033802,0.9803781706253237,Dropout
0.7018810175450472,0.06781377265550928,0.23030520979944347,Dropout
0.024243378568962415,0.9680769402662986,0.007679681164738776,Graduate
0.05533437540240408,0.8812203507850008,0.063445273812595,Graduate
0.06110480654106139,0.9203780190861748,0.01851717437276372,Graduate
0.11326821011654946,0.00878598016295928,0.8779458097204913,Dropout
0.00516273960552069,0.0034476367089990466,0.9913896236854803,Dropout
0.17703282611363969,0.761014042780337,0.06195313110602342,Graduate
0.042497747808087634,0.08096584272353965,0.8765364094683727,Dropout
0.016319341279059877,0.9669082193197356,0.01677243940120454,Graduate
0.3301067398137137,0.6365525951783512,0.03334066500793506,Dropout
0.018248764062417197,0.007445633285950618,0.9743056026516321,Dropout
0.11690668062111571,0.005598365154754729,0.8774949542241296,Dropout
0.28098590120375205,0.631950004819691,0.08706409397655689,Graduate
0.050766492293088966,0.9357074978307528,0.013526009876158221,Graduate
0.7813986663845627,0.054173597047570264,0.16442773656786694,Enrolled
0.02278834919302737,0.938264578872035,0.03894707193493771,Graduate
0.021089670784785294,0.0042223491947416215,0.9746879800204731,Enrolled
0.004980893998649897,0.9914107740509562,0.0036083319503936984,Graduate
0.03197012765926392,0.932815147831768,0.03521472450896805,Graduate
0.019017973583108257,0.005393920063552969,0.9755881063533387,Dropout
0.07937327484282279,0.8163140023722808,0.10431272278489645,Graduate
0.0312903063304018,0.924641727655036,0.04406796601456206,Graduate
0.19345441333577384,0.003920789558463568,0.8026247971057626,Enrolled
0.1585151739799062,0.18915203989049337,0.6523327861296004,Enrolled
0.012841129301300545,0.9740885162578931,0.013070354440806382,Graduate
0.4078581648709466,0.00980208597476942,0.582339749154284,Enrolled
0.012609076102932503,0.9756896298699681,0.01170129402709937,Graduate
0.031463563839692565,0.9596590178146736,0.00887741834563384,Graduate
0.8428727424395622,0.012229659548962038,0.14489759801147573,Enrolled
0.743343715313671,0.022421557132442517,0.2342347275538865,Enrolled
0.07196008836206919,0.8941755685486089,0.03386434308932187,Graduate
0.30654624754108006,0.11213208188590021,0.5813216705730198,Graduate
0.03476813989862107,0.00489257675965397,0.9603392833417249,Dropout
0.018966805696888578,0.9571415483260499,0.02389164597706136,Dropout
0.7202908763517832,0.008945696004065569,0.27076342764415123,Dropout
0.058613259469178135,0.9159574386809819,0.025429301849840113,Graduate
0.8019597471137303,0.0572956380012297,0.14074461488503995,Enrolled
0.011340696702502536,0.0007885975103423975,0.987870705787155,Dropout
0.04152999078925277,0.9497280734817968,0.008741935728950666,Graduate
0.02215167292112631,0.9603486389953135,0.017499688083560085,Graduate
0.3398676252078134,0.04721036641326415,0.6129220083789225,Dropout
0.015172991650231515,0.9762152615042562,0.008611746845512263,Graduate
0.5651729424658393,0.18993821871591324,0.24488883881824758,Graduate
0.005575391389613774,0.001981877922248709,0.9924427306881376,Dropout
0.5300960309813649,0.014476118982568769,0.4554278500360663,Dropout
0.1366113514401731,0.10213096667268451,0.7612576818871425,Graduate
0.06251331730411164,0.89021182636666,0.047274856329228364,Graduate
0.40003101273619657,0.009772281425887142,0.5901967058379162,Dropout
0.7009215190536233,0.15056161849647748,0.1485168624498992,Enrolled
0.416347044437049,0.4186793930335434,0.16497356252940762,Enrolled
0.4129754631959742,0.49603981774497874,0.09098471905904712,Graduate
0.03606489369935558,0.925757426138404,0.0381776801622404,Graduate
0.02015938416139128,0.0010966675089951869,0.9787439483296135,Dropout
0.07949112447048962,0.021412452243680626,0.8990964232858297,Dropout
0.07895595510248786,0.901198098628588,0.019845946268924174,Graduate
0.5449841232895906,0.3552303093251689,0.09978556738524057,Enrolled
0.025479688709154635,0.006256472232734619,0.9682638390581108,Dropout
0.6363399223818735,0.24329481638321965,0.12036526123490682,Enrolled
0.07272282616405804,0.8817468059215695,0.04553036791437235,Graduate
0.5756983903612934,0.018681953116085594,0.40561965652262094,Enrolled
0.5622716017436326,0.06557213202684857,0.3721562662295188,Enrolled
0.014806546102962283,0.9658333522907253,0.019360101606312335,Graduate
0.018309240108640455,0.9750435832481338,0.006647176643225776,Graduate
0.7565877340456019,0.03699280354139747,0.2064194624130007,Dropout
0.03620916338524952,0.9447587857526057,0.019032050862144642,Graduate
0.01556345112807623,0.9772437127067451,0.00719283616517856,Graduate
0.018132522277251654,0.969443770270384,0.01242370745236428,Graduate
0.15569135735087475,0.8337972173121064,0.01051142533701867,Graduate
0.020286586604476367,0.9551896928571953,0.024523720538328315,Graduate
0.004089006258982478,0.0008342526838715894,0.995076741057146,Dropout
0.04961408980323679,0.8769352148713426,0.07345069532542058,Enrolled
0.028884415558744325,0.9512525336605046,0.01986305078075116,Graduate
0.017176968954288042,0.9281502276489019,0.05467280339681013,Graduate
0.09202221106055075,0.8827091420598373,0.025268646879611865,Graduate
0.007085848227286016,0.0020376470531216283,0.9908765047195923,Dropout
0.18007860666725448,0.7938159979974125,0.026105395335332997,Graduate
0.005997778654134238,0.003525772841705827,0.99047644850416,Dropout
0.0013296001262435779,0.002068324767012431,0.9966020751067439,Dropout
0.0364615787384775,0.14568585111274318,0.8178525701487793,Dropout
0.10945141574042346,0.8064716332557471,0.08407695100382949,Dropout
0.048189836611064484,0.9351684274710604,0.016641735917875104,Graduate
0.22459347813459107,0.042296327757586,0.7331101941078229,Dropout
0.0022224803126790586,0.0005046688297982409,0.9972728508575227,Dropout
0.14441511117736866,0.8274754195408116,0.02810946928181961,Graduate
0.006138236678231697,0.00044517966651791137,0.9934165836552504,Dropout
0.01737981585460885,0.9729083093061858,0.009711874839205291,Graduate
0.02496375732360952,0.00999653378073357,0.9650397088956569,Dropout
0.6089199166515478,0.283332541695025,0.10774754165342733,Enrolled
0.028696862204072623,0.9560655264158985,0.015237611380028953,Graduate
0.0061939093926968,0.0007732305181517531,0.9930328600891514,Dropout
0.007192540366085062,0.004952668022773443,0.9878547916111414,Dropout
0.05369153019190883,0.006828626589415121,0.9394798432186761,Dropout
0.10866795842980778,0.8690981268062857,0.02223391476390633,Graduate
0.6645361262188243,0.28373821127359317,0.05172566250758259,Enrolled
0.02644204632406785,0.9534072794429005,0.020150674233031712,Graduate
0.04644838936178635,0.04284527698891306,0.9107063336493005,Dropout
0.09499393657777926,0.8092144172147611,0.09579164620745967,Enrolled
0.5850185291430485,0.23091182697430548,0.18406964388264604,Enrolled
0.16895419310799362,0.8029437157083221,0.028102091183684202,Graduate
0.5016792118252295,0.4426064776487033,0.0557143105260673,Graduate
0.050932071822249604,0.9251675771472387,0.023900351030511757,Graduate
0.015715363554199047,0.9604500750000825,0.023834561445718452,Graduate
0.5317408703210087,0.3781540453068956,0.09010508437209577,Enrolled
0.46133901313873305,0.44860395009704407,0.0900570367642229,Dropout
0.009883333364480803,0.9820576001861706,0.008059066449348623,Graduate
0.05538394168703846,0.009128800941785222,0.9354872573711762,Dropout
0.021353185841908075,0.9700889772794526,0.008557836878639239,Graduate
0.13182952048803048,0.8292183130449273,0.03895216646704237,Enrolled
0.10075205222787406,0.8548252934672933,0.044422654304832505,Graduate
0.34143055507900466,0.5823010274824355,0.07626841743855982,Graduate
0.0667565341323092,0.20783343859699935,0.7254100272706915,Dropout
0.12339767361177928,0.8648124828092122,0.011789843579008436,Graduate
0.04751703148906657,0.04668941049357792,0.9057935580173554,Dropout
0.022787378256448096,0.009335823860163737,0.9678767978833882,Dropout
0.15049473720332773,0.7998125233404246,0.04969273945624771,Graduate
0.08464098694093757,0.8897376189720193,0.025621394087042955,Graduate
0.11351032210188831,0.8553560030219555,0.031133674876156252,Graduate
0.1672105262496571,0.006464349172165535,0.8263251245781774,Dropout
0.03935908276864309,0.9345241363329424,0.02611678089841457,Graduate
0.004928043111257385,0.005397398761681066,0.9896745581270615,Dropout
0.5629934409585025,0.23690402641646527,0.20010253262503216,Graduate
0.26216891853507196,0.7113083876433246,0.026522693821603306,Graduate
0.018076751623377706,0.010321235480512073,0.9716020128961103,Dropout
0.5578566378293124,0.3059993158048079,0.13614404636587962,Dropout
0.6217499833641289,0.01013727315930577,0.36811274347656525,Enrolled
0.0071448380785019095,0.0033983426721902747,0.9894568192493077,Dropout
0.008621208928769306,0.9857109546396798,0.005667836431550982,Graduate
0.04399991888900016,0.9435741505706952,0.012425930540304862,Graduate
0.031409566653303196,0.9539790805679825,0.014611352778714242,Graduate
0.1880209035124213,0.7567726644987017,0.0552064319888769,Graduate
0.025713701394040903,0.9459940390507435,0.028292259555215582,Graduate
0.06797379024799892,0.9198493851272578,0.01217682462474334,Graduate
0.18695826869355603,0.7869492444816129,0.026092486824831104,Graduate
0.3068694729002666,0.6130580653861597,0.08007246171357377,Graduate
0.007604443401586854,0.0013866193869841996,0.9910089372114289,Dropout
0.012402790731519132,0.9766029641709559,0.01099424509752488,Graduate
0.2906423309554246,0.4770074627339555,0.2323502063106199,Enrolled
0.03496510788766228,0.05693947792090966,0.9080954141914281,Graduate
0.18995542512381638,0.6506710246227723,0.15937355025341138,Enrolled
0.004047631335975628,0.0005058806892026469,0.9954464879748217,Dropout
0.779038790932676,0.060112701756852904,0.16084850731047112,Enrolled
0.18379129670033162,0.7896839108562814,0.026524792443387006,Enrolled
0.6572124351010877,0.15368635109202156,0.18910121380689063,Enrolled
0.16193456764175745,0.004329492461412308,0.8337359398968303,Dropout
0.7839767139295567,0.036028273898520424,0.17999501217192304,Enrolled
0.006198393465009645,0.0006572821909711865,0.9931443243440191,Dropout
0.0794157227025453,0.842544560246859,0.07803971705059572,Graduate
0.03390905598230958,0.9262004634843665,0.03989048053332403,Graduate
0.6272681416476409,0.04806226220546293,0.32466959614689617,Enrolled
0.20052508654958584,0.7737561324988562,0.025718780951557982,Graduate
0.038053710902905866,0.9490604776900721,0.012885811407022047,Graduate
0.09478534501832364,0.8752550837345562,0.029959571247120148,Graduate
0.004799071737603148,0.0008017844336994595,0.9943991438286974,Dropout
0.027929078830901163,0.9484334450072105,0.023637476161888233,Graduate
0.6491162728528913,0.2371831373226206,0.11370058982448818,Enrolled
0.02335531343576961,0.9683332351045572,0.008311451459673136,Graduate
0.0728439707471516,0.8848412983966397,0.0423147308562086,Graduate
0.0918342405829082,0.8444890096938088,0.06367674972328294,Graduate
0.5939043672051291,0.31410024997800035,0.09199538281687059,Enrolled
0.05453867487232055,0.923154647391414,0.02230667773626542,Graduate
0.3740841283232168,0.0745146674050005,0.5514012042717827,Dropout
0.04473276647613928,0.9454745091081258,0.009792724415734868,Graduate
0.5059701441964551,0.19656207672556797,0.29746777907797695,Enrolled
0.5692914400522973,0.28537073043481836,0.1453378295128844,Graduate
0.02277984106721572,0.9618038076873847,0.015416351245399527,Graduate
0.02358742387244543,0.005974022364013337,0.9704385537635413,Dropout
0.32530682451752513,0.004380404178485959,0.6703127713039889,Enrolled
0.03179824897491183,0.941409991557046,0.02679175946804205,Graduate
0.022962951069867236,0.968975595221881,0.008061453708251634,Graduate
0.07955641125891393,0.004810568066277485,0.9156330206748086,Dropout
0.1555032258942587,0.8221455099870941,0.022351264118647237,Graduate
0.010054428703469504,0.981683961739393,0.008261609557137605,Graduate
0.6896045872228824,0.11430804930947683,0.19608736346764072,Enrolled
0.01773361373126348,0.007790255648082065,0.9744761306206545,Dropout
0.3645050551382321,0.4329110735665612,0.20258387129520677,Enrolled
0.2299231040489293,0.5735639510699824,0.1965129448810884,Graduate
0.700333198056864,0.012681318709370518,0.2869854832337655,Enrolled
0.7443133498270853,0.15823172097408186,0.09745492919883286,Dropout
0.04530205230506016,0.8440820158963307,0.11061593179860925,Graduate
0.4980347756912829,0.41280290339434067,0.0891623209143764,Enrolled
0.01152611799496155,0.001230365917989334,0.9872435160870492,Dropout
0.7942162845254097,0.028564830195551862,0.17721888527903848,Enrolled
0.30588171832336325,0.00304790403588978,0.691070377640747,Dropout
0.441425877713369,0.4748666890573742,0.08370743322925661,Graduate
0.4626047387927165,0.47402176624630304,0.06337349496098045,Enrolled
0.1692489061070523,0.013990424171487614,0.81676066972146,Dropout
0.008516902816926769,0.0012824547216858944,0.9902006424613873,Dropout
0.6950291653285071,0.19435940205789304,0.11061143261359986,Enrolled
0.10848403918321342,0.009082099906686993,0.8824338609100996,Dropout
0.07331205403165865,0.0515736344175341,0.8751143115508071,Dropout
0.10539162791050415,0.863952213920599,0.030656158168896906,Enrolled
0.07502800934097159,0.011742193573074964,0.9132297970859535,Dropout
0.4418224822901008,0.44042428495041974,0.11775323275947942,Enrolled
0.004296895103489656,0.0008373899423346819,0.9948657149541755,Dropout
0.19012457824036363,0.7016667671829128,0.10820865457672355,Graduate
0.04032789663757028,0.9375385951201063,0.022133508242323397,Graduate
0.43572250370823334,0.2802398017133886,0.284037694578378,Dropout
0.03487011045667306,0.9484236937384068,0.01670619580492,Graduate
0.14849700428433946,0.6538246959790984,0.197678299736562,Dropout
0.0550128827180928,0.8963865760088354,0.04860054127307177,Graduate
0.0855341478695369,0.8723605811882186,0.0421052709422445,Graduate
0.006984915383245825,0.9895824465577563,0.0034326380589978396,Graduate
0.015506189952288594,0.9634161548632036,0.021077655184507813,Graduate
0.028185176983119058,0.9298508353402689,0.04196398767661205,Graduate
0.0468198030716888,0.9083447862153416,0.04483541071296959,Enrolled
0.013446569280310097,0.9806487626276192,0.005904668092070672,Graduate
0.2509215166800326,0.3018184776076748,0.44726000571229274,Graduate
0.038812406837434144,0.9525939926753958,0.008593600487169985,Graduate
0.19671133973258945,0.004468274250057582,0.7988203860173528,Dropout
0.5327390879507936,0.3309661480990094,0.136294763950197,Enrolled
0.03193759566095744,0.9385050856667186,0.02955731867232391,Graduate
0.051660781954948345,0.9218842816343548,0.02645493641069692,Graduate
0.014124851735194628,0.9690600732186787,0.01681507504612673,Graduate
0.0010988552365923446,0.0005244721062806196,0.998376672657127,Dropout
0.0030337221371978225,0.0027799272661182474,0.9941863505966839,Dropout
0.38687066828931527,0.5470489156441201,0.06608041606656469,Enrolled
0.020285902778757244,0.008405302823590172,0.9713087943976525,Dropout
0.0067746067161391105,0.9882682286349829,0.004957164648878144,Graduate
0.030907787725779286,0.9292428994854246,0.039849312788796214,Graduate
0.17766929311517732,0.23181503009610016,0.5905156767887225,Graduate
0.02497059279385362,0.9470333457063667,0.027996061499779547,Dropout
0.07480875603598822,0.8718002409088608,0.05339100305515096,Graduate
0.02249753680405217,0.00793966640441069,0.9695627967915371,Dropout
0.2776302310372708,0.426859512523366,0.29551025643936313,Dropout
0.2153229345376778,0.7222712105829154,0.062405854879406725,Graduate
0.04246924435473084,0.011651820614360415,0.9458789350309087,Dropout
0.04887340121162428,0.9374754836798199,0.013651115108555784,Graduate
0.009889749640820053,0.9810350198410434,0.009075230518136555,Graduate
0.05820469465160682,0.9068268401382257,0.03496846521016768,Graduate
0.4760959419768025,0.39525535198490136,0.1286487060382961,Enrolled
0.014773439308043396,0.0017108374030970165,0.9835157232888596,Dropout
0.024486240292177452,0.007310309814144196,0.9682034498936782,Dropout
0.3577583415019649,0.4890426221446143,0.15319903635342075,Enrolled
0.47420759132951185,0.2776253539140654,0.2481670547564228,Dropout
0.07688854407342004,0.08490898699961266,0.8382024689269673,Dropout
