pred_Dropout,pred_Enrolled,pred_Graduate,true
0.0036405790589339785,0.024093903320033028,0.9722655176210331,Graduate
0.9615714408093453,0.03608150415759195,0.0023470550330627117,Dropout
0.02337277030147763,0.0693366166616948,0.9072906130368276,Graduate
0.12829413694671774,0.6456002868955419,0.22610557615774027,Enrolled
0.006029095489261202,0.07232505764135942,0.9216458468693794,Graduate
0.016728441111440655,0.014221520626277294,0.9690500382622822,Graduate
0.08504189265293292,0.09577882975695101,0.819179277590116,Graduate
0.23756896938337743,0.5091954553251072,0.2532355752915153,Dropout
0.0488522880550229,0.8996435127428478,0.05150419920212914,Enrolled
0.06175857082717832,0.035359383933201385,0.9028820452396203,Graduate
0.9077304622882428,0.09093226956570015,0.001337268146057071,Dropout
0.18169408465436868,0.6807542895306061,0.13755162581502536,Dropout
0.9575723608228157,0.0390151508439735,0.003412488333210734,Dropout
0.006312026124824892,0.05114175367786169,0.9425462201973134,Graduate
0.019696229300196037,0.025726661754184282,0.9545771089456196,Graduate
0.4892715123600472,0.18319608140083582,0.327532406239117,Enrolled
0.3893019955731394,0.5967033594198475,0.013994645007013166,Enrolled
0.009885202475627861,0.10767213108851477,0.8824426664358573,Graduate
0.015243781486198807,0.03240077054644541,0.9523554479673558,Graduate
0.1549076567028747,0.2141834006520821,0.6309089426450433,Graduate
0.03723122920870888,0.03138054166927481,0.9313882291220162,Graduate
0.9076138643726653,0.083280178018607,0.009105957608727575,Graduate
0.059338561517153665,0.28985038192663914,0.6508110565562072,Graduate
0.01830602745078102,0.05596007924471086,0.9257338933045082,Graduate
0.01953569166822597,0.048832588479212784,0.9316317198525612,Graduate
0.9719273691844474,0.024877220089750313,0.003195410725802294,Dropout
0.9978617640111107,0.0006043771035235758,0.0015338588853656466,Dropout
0.9497342166555929,0.0498603333730699,0.00040544997133715096,Dropout
0.8659307163794977,0.09157980513599914,0.04248947848450328,Graduate
0.20893136290779232,0.7876287906176057,0.003439846474601744,Dropout
0.019888506182882126,0.31889719588381404,0.6612142979333037,Enrolled
0.020605818321370862,0.7412813788528535,0.23811280282577557,Enrolled
0.0019470399748685858,0.009975032438811588,0.9880779275863197,Graduate
0.016171101329694855,0.19372934351458052,0.7900995551557246,Graduate
0.9937018994789613,0.004107817822448989,0.0021902826985897004,Dropout
0.9691475418324915,0.02716046558563285,0.0036919925818755263,Dropout
0.00560174586464493,0.015216835601868756,0.9791814185334863,Graduate
0.013890268319784519,0.022466736869970836,0.9636429948102445,Graduate
0.022753351605192585,0.1560916422708743,0.8211550061239332,Graduate
0.012989582515265915,0.6107278713171961,0.37628254616753803,Enrolled
0.42315331214790664,0.23291407782130738,0.34393261003078596,Dropout
0.8679140312389005,0.12037577137490271,0.011710197386196651,Dropout
0.00779894202993689,0.008013421817221693,0.9841876361528413,Graduate
0.008871259205270791,0.020979428941088396,0.970149311853641,Graduate
0.0020454353526622084,0.0028430881939178554,0.9951114764534199,Graduate
0.9878172204723011,0.009394707842859746,0.00278807168483908,Dropout
0.10398047856744823,0.2591524611529898,0.636867060279562,Graduate
0.7898706570107699,0.07586630924510424,0.13426303374412593,Dropout
0.022482802848973676,0.11915614294004216,0.8583610542109841,Graduate
0.01042198998878529,0.02866101014798255,0.9609169998632321,Graduate
0.005004227150531936,0.013409290767897373,0.9815864820815707,Graduate
0.019945767041765067,0.019377371153530137,0.9606768618047047,Graduate
0.9869562052886347,0.012818390647503064,0.0002254040638622185,Dropout
0.015220324753480199,0.08011278234859973,0.90466689289792,Graduate
0.6733633739661781,0.3155424587078752,0.011094167325946739,Dropout
0.005444131775845653,0.0038112533867435843,0.9907446148374108,Graduate
0.008725670639065784,0.006896640878796716,0.9843776884821375,Graduate
0.008787450139951395,0.020147525288855585,0.971065024571193,Graduate
0.9491921540548532,0.04862406081845919,0.002183785126687605,Dropout
0.07911347856444766,0.7967146710570815,0.12417185037847098,Enrolled
0.4159492421188192,0.06769361329843002,0.5163571445827508,Graduate
0.2040189698448969,0.7756657354222739,0.020315294732829146,Graduate
0.0017807705730851,0.0030081042717054326,0.9952111251552094,Graduate
0.989986770361316,0.006896512455286494,0.00311671718339746,Dropout
0.002780644315437989,0.021807465200432176,0.9754118904841299,Graduate
0.013203436351361845,0.06461945632078074,0.9221771073278574,Graduate
0.8948402165411384,0.09932264141821544,0.005837142040646214,Dropout
0.010743561110119199,0.026570672136096186,0.9626857667537847,Graduate
0.008430341145130842,0.0329221458362531,0.9586475130186161,Graduate
0.9972621498608152,0.0021622854581153975,0.0005755646810695611,Dropout
0.9837090037170992,0.012753358725418397,0.0035376375574822927,Dropout
0.10855810778512646,0.728826454190797,0.16261543802407663,Enrolled
0.005868983865252074,0.006691121442332953,0.987439894692415,Graduate
0.008387126345637201,0.023547031932516567,0.9680658417218463,Graduate
0.028303543836214997,0.20885733001321158,0.7628391261505735,Graduate
0.007680393333045768,0.09109441531305328,0.901225191353901,Graduate
0.9825668006989479,0.014199275291864802,0.0032339240091871636,Dropout
0.012733519001024632,0.04059044156562921,0.9466760394333462,Graduate
0.988247099747925,0.009961652503663092,0.0017912477484117065,Dropout
0.7312783861050456,0.10739081995049507,0.16133079394445943,Dropout
0.489371972296722,0.48803440582937396,0.022593621873904072,Enrolled
0.013054518431352953,0.05300073901385984,0.9339447425547871,Graduate
0.004075788021904447,0.021662863570247607,0.974261348407848,Graduate
0.9897180451403226,0.009310670891545171,0.0009712839681324301,Dropout
0.8356803999867901,0.09060709596864691,0.07371250404456295,Dropout
0.8426450160484548,0.04440090391219084,0.11295408003935449,Dropout
0.013241467352285935,0.023616100685959013,0.963142431961755,Graduate
0.014563190022241039,0.0079678448699749,0.977468965107784,Graduate
0.6199878874092634,0.11061902989051342,0.2693930827002232,Dropout
0.03894449014555982,0.011018137010539877,0.9500373728439003,Graduate
0.9895508368552209,0.008342756254995825,0.0021064068897830844,Dropout
0.3474451054718856,0.4155674521465233,0.23698744238159103,Enrolled
0.9104758019931517,0.04378444363762415,0.045739754369224,Dropout
0.8359058404423008,0.16244353684014018,0.00165062271755914,Dropout
0.9994565458334869,0.0003933952166955879,0.0001500589498176111,Dropout
0.05012134594569545,0.5580899445911384,0.3917887094631661,Graduate
0.054371082648892385,0.09227413325805865,0.8533547840930489,Graduate
0.024247446987519947,0.07280776749762258,0.9029447855148575,Graduate
0.5224727000264748,0.46481301087838556,0.012714289095139554,Dropout
0.7430483729996906,0.07737748909559418,0.17957413790471516,Dropout
0.014060723473347391,0.0057211799046872226,0.9802180966219655,Graduate
0.0906926943396872,0.7818697371843517,0.12743756847596108,Dropout
0.9529251633637605,0.04300224325209033,0.004072593384148956,Enrolled
0.016447776328464205,0.02255765688942062,0.9609945667821151,Graduate
0.23876211144254655,0.6525533339617762,0.10868455459567729,Enrolled
0.01000273978303501,0.01947618022626485,0.9705210799907001,Graduate
0.007260196951080817,0.01283806546937241,0.9799017375795468,Graduate
0.9439214248548452,0.04433222040354894,0.011746354741605833,Dropout
0.03495101853157145,0.9611513373827102,0.0038976440857184697,Enrolled
0.00789964792131707,0.010721523790246759,0.9813788282884361,Graduate
0.9967359586620951,0.0029297559098094617,0.00033428542809548205,Dropout
0.08538878924491403,0.09080217253319363,0.8238090382218924,Graduate
0.04247380970308142,0.22725372063998914,0.7302724696569294,Enrolled
0.08839008868222073,0.07619733529437807,0.8354125760234011,Graduate
0.05328820737662341,0.051314480342740616,0.8953973122806359,Graduate
0.012639172835101353,0.05983966522156431,0.9275211619433342,Graduate
0.02813306348046134,0.21589124995453035,0.7559756865650084,Enrolled
0.11909242253094962,0.7175399202635767,0.16336765720547367,Enrolled
0.011008643743450678,0.008927933504036702,0.9800634227525126,Graduate
0.10292350433942954,0.1951503301392419,0.7019261655213287,Graduate
0.9881151215254813,0.010483217764766722,0.0014016607097519082,Dropout
0.00844678636394703,0.013969304075917238,0.9775839095601357,Graduate
0.26549854269487316,0.2581078746322529,0.4763935826728739,Graduate
0.15322704238921037,0.43045866592952786,0.4163142916812617,Enrolled
0.9653212569663876,0.033616212082061135,0.0010625309515513391,Dropout
0.09049290247322662,0.8573223671714438,0.05218473035532949,Enrolled
0.07226812893702884,0.052604722963669026,0.8751271480993021,Graduate
0.9960042465086625,0.0036354344207375237,0.00036031907060004643,Dropout
0.2846723571526777,0.6332749844795776,0.08205265836774463,Dropout
0.9790335308168795,0.017939038794980017,0.0030274303881407164,Dropout
0.9988447426360599,0.0008855185447866557,0.00026973881915339507,Dropout
0.8809675468087729,0.11609752316769076,0.0029349300235364784,Dropout
0.5051265508044306,0.4935052581260793,0.0013681910694901287,Enrolled
0.009315820449486653,0.07997709808211549,0.9107070814683977,Graduate
0.011238296171174906,0.16968630392447695,0.8190753999043482,Graduate
0.00835015521642311,0.032337728719132826,0.9593121160644441,Graduate
0.049762912305055224,0.5933183325361484,0.3569187551587965,Enrolled
0.026292048467572833,0.020086980011806983,0.9536209715206201,Graduate
0.011408706758601653,0.01138904710127544,0.9772022461401229,Graduate
0.018583249974961427,0.06136529575315584,0.9200514542718828,Graduate
0.012149174756556405,0.013956836563514107,0.9738939886799295,Graduate
0.019069692631615273,0.11593190296502127,0.8649984044033634,Enrolled
0.9970378229184726,0.0024925113177815075,0.0004696657637458677,Dropout
0.03274070868815143,0.08925391377561505,0.8780053775362334,Graduate
0.977997863793897,0.021803271898034948,0.00019886430806814452,Dropout
0.014022617507802261,0.01464214086558312,0.9713352416266146,Graduate
0.9699882152209688,0.015079326489427204,0.014932458289604045,Dropout
0.9883374306902947,0.0071410935721333895,0.00452147573757203,Dropout
0.001176382521336194,0.007237065690499941,0.9915865517881638,Graduate
0.006808251364807888,0.056466132416255435,0.9367256162189367,Graduate
0.02273498138492822,0.057800633076029694,0.9194643855390422,Graduate
0.24404945724505642,0.08123711440164673,0.6747134283532967,Graduate
0.9444565084726335,0.008179711818806699,0.047363779708559664,Dropout
0.7872891892027201,0.1199513446095488,0.09275946618773105,Dropout
0.995440026090595,0.0038758379959025293,0.0006841359135022486,Dropout
0.996334449000895,0.003497437033143948,0.0001681139659612017,Dropout
0.9891673020842345,0.008422855297772452,0.0024098426179928667,Dropout
0.019919852983217946,0.03299285949887331,0.9470872875179088,Enrolled
0.061005169887111445,0.7750496750280356,0.16394515508485308,Enrolled
0.9386126103474984,0.05249074046393222,0.008896649188569283,Dropout
0.028287911998209618,0.03539522958854745,0.936316858413243,Enrolled
0.9243593298539619,0.0705127822267404,0.005127887919297585,Dropout
0.3383407468865302,0.6220796801471064,0.039579572966363365,Enrolled
0.05511099072786307,0.4005029646741673,0.5443860445979697,Enrolled
0.3461545357881661,0.4483831549565707,0.2054623092552631,Enrolled
0.01812219280107196,0.03545078940310002,0.9464270177958279,Graduate
0.03715934559661659,0.44389486100901004,0.5189457933943734,Enrolled
0.009688056181361909,0.06868109642120278,0.9216308473974354,Graduate
0.03098684220537547,0.0593230217172088,0.9096901360774157,Graduate
0.00830253392360802,0.011819032557602707,0.9798784335187892,Graduate
0.010667474587962677,0.023279426290970004,0.9660530991210673,Graduate
0.00440246379794162,0.0050054194987885015,0.99059211670327,Graduate
0.8954020878978612,0.03374860068801676,0.07084931141412189,Dropout
0.9985835813877775,0.0013229936736085305,9.342493861382174e-05,Dropout
0.013274602985222695,0.016985184515494644,0.9697402124992828,Graduate
0.9913290855959815,0.005242361784672982,0.003428552619345464,Dropout
0.9446533613646428,0.05347390819487374,0.0018727304404834574,Dropout
0.014140797652754743,0.10110490572915748,0.8847542966180878,Graduate
0.9119546355548926,0.08332540784174818,0.0047199566033592055,Dropout
0.9634380903505838,0.032298325334035496,0.004263584315380645,Dropout
0.03074113620785693,0.35791989795854723,0.6113389658335957,Graduate
0.15305651017863653,0.7602117969988058,0.08673169282255765,Enrolled
0.03652979997753874,0.40822878490522546,0.5552414151172358,Dropout
0.9909318404077734,0.00664552859770884,0.002422630994517614,Dropout
0.9580247953255875,0.04111819420897609,0.0008570104654364643,Dropout
0.020756756519685397,0.163043497415802,0.8161997460645125,Enrolled
0.9754431321310572,0.013581628358991129,0.010975239509951652,Dropout
0.013507683435849209,0.033679602026257645,0.9528127145378931,Graduate
0.002930567247785974,0.0031281193601440196,0.99394131339207,Graduate
0.1171993174433555,0.8657160770127689,0.0170846055438755,Dropout
0.052869676538657366,0.4653522516698841,0.48177807179145854,Graduate
0.02559038265166814,0.3089079656226695,0.6655016517256623,Graduate
0.022946073621396564,0.03869556773811669,0.9383583586404868,Graduate
0.03695770506251295,0.14983750470029614,0.8132047902371909,Graduate
0.12953910583283954,0.1006837232754926,0.7697771708916679,Graduate
0.01722728399764877,0.09565005481366706,0.8871226611886842,Graduate
0.9547140576752302,0.044860856745597165,0.0004250855791725757,Dropout
0.9802137379802803,0.013716588356194579,0.006069673663525009,Graduate
0.03422052425566582,0.6361419016162481,0.32963757412808603,Graduate
0.01776578594833246,0.010518739145796837,0.9717154749058706,Graduate
0.5982428011310094,0.38260404188838637,0.019153156980604377,Dropout
0.07834161093848123,0.5763133977741162,0.3453449912874026,Dropout
0.9020816305983127,0.08872141180095625,0.009196957600731007,Dropout
0.009000344237548384,0.02262351211184631,0.9683761436506054,Graduate
0.026116158451644125,0.09905417870322705,0.8748296628451289,Graduate
0.036921411767537736,0.17954419716117714,0.7835343910712851,Graduate
0.11700925028809644,0.08361427562405871,0.7993764740878448,Graduate
0.06190773274844119,0.3558062308693054,0.5822860363822534,Enrolled
0.9993754229759071,0.00042794369728425493,0.00019663332680857113,Dropout
0.029633255227941063,0.019812306532124582,0.9505544382399345,Graduate
0.02056254569872446,0.029454487138805392,0.9499829671624702,Graduate
0.03036961677386398,0.048207674971530785,0.9214227082546051,Graduate
0.6033591742674167,0.37276746958686646,0.023873356145716798,Enrolled
0.16950128573837991,0.7115098716567376,0.11898884260488249,Enrolled
0.010990673949726948,0.03935828420947062,0.9496510418408025,Graduate
0.004852608894770883,0.14555632496655113,0.849591066138678,Graduate
0.07263906351903066,0.4560969294401162,0.47126400704085314,Graduate
0.03574385933589335,0.30434923842313194,0.6599069022409746,Graduate
0.016614699370221843,0.2541390959987933,0.7292462046309848,Graduate
0.9966198011254054,0.003208878524691332,0.00017132034990318963,Dropout
0.012054952465569804,0.02090868351969425,0.9670363640147358,Graduate
0.007622613922548852,0.9845621277110784,0.007815258366372762,Enrolled
0.005315274466018713,0.030289530580726674,0.9643951949532545,Enrolled
0.029921870848076234,0.23068924925112425,0.7393888799007996,Graduate
0.10879559122968721,0.6915012300660016,0.1997031787043112,Enrolled
0.02653433790363959,0.35570814865171646,0.6177575134446439,Enrolled
0.07344561440329457,0.02041731745724482,0.9061370681394606,Graduate
0.0208286606985404,0.01600759765460555,0.963163741646854,Graduate
0.9691939988926884,0.02767639497949972,0.0031296061278118666,Dropout
0.007709261082970062,0.0033188277948862444,0.9889719111221437,Graduate
0.023397629116736037,0.014300215304591529,0.9623021555786725,Graduate
0.9615054985597484,0.035914428219730336,0.002580073220521114,Dropout
0.013529344041105354,0.020602926178698182,0.9658677297801965,Graduate
0.02057460684306397,0.03801340551627324,0.9414119876406627,Graduate
0.9885297071723802,0.009534731041633049,0.0019355617859866147,Dropout
0.022036871382452024,0.07950150853612324,0.8984616200814247,Graduate
0.03726223583898174,0.05632691169021481,0.9064108524708034,Graduate
0.02354998982501757,0.022183117304192906,0.9542668928707896,Graduate
0.008385856050787918,0.16208023545553082,0.8295339084936812,Graduate
0.011864670921274408,0.24449576219108085,0.7436395668876448,Graduate
0.8659559165775178,0.1281468733776684,0.0058972100448135755,Enrolled
0.9405548463410149,0.05640024165597346,0.0030449120030116637,Dropout
0.004482324953498378,0.004097791417756927,0.9914198836287446,Graduate
0.011172876129265671,0.018111732384166152,0.970715391486568,Graduate
0.9975186271123695,0.0022952492271372067,0.00018612366049324924,Dropout
0.9841685520392845,0.014277769611346323,0.0015536783493693316,Dropout
0.2839311318052877,0.6925679438537241,0.02350092434098818,Enrolled
0.0975683922576294,0.6962819081579857,0.206149699584385,Enrolled
0.032480910040143536,0.08694688784095578,0.8805722021189006,Graduate
0.006653455282101658,0.006610979206055478,0.9867355655118429,Graduate
0.45875479901287514,0.0860929179831749,0.4551522830039499,Graduate
0.24468813477334278,0.6467801367064514,0.10853172852020576,Enrolled
0.023785358481336595,0.36002501545202087,0.6161896260666425,Graduate
0.03090281375813429,0.2779166821746276,0.6911805040672381,Enrolled
0.1504306713589533,0.6257749104774378,0.22379441816360893,Dropout
0.19646960441778247,0.746781413518327,0.05674898206389047,Enrolled
0.9940094036897351,0.004730115351461474,0.001260480958803398,Dropout
0.019664696094670895,0.41099912351266493,0.5693361803926642,Graduate
0.8090385871739294,0.1268013540678753,0.06416005875819529,Dropout
0.9698369802052618,0.025001951757592778,0.005161068037145317,Dropout
0.1632834040365154,0.2534614647252852,0.5832551312381994,Graduate
0.9865227469823481,0.008250593155695629,0.005226659861956388,Dropout
0.9974062364798332,0.0023702466904243127,0.00022351682974249524,Dropout
0.9545968513138989,0.029738726035678297,0.01566442265042279,Dropout
0.008380427961312642,0.020132172811902518,0.9714873992267847,Graduate
0.4937112803357208,0.46825709465878607,0.03803162500549319,Enrolled
0.9992960813632719,0.0004435066056487166,0.0002604120310795378,Dropout
0.005546499807492725,0.006651191077516272,0.987802309114991,Graduate
0.005971662138109807,0.007372409666938889,0.9866559281949513,Graduate
0.06074427340108532,0.8754532024268198,0.06380252417209499,Enrolled
0.020714481300424966,0.02550047235195017,0.9537850463476248,Graduate
0.05086643572903787,0.046839811842082066,0.9022937524288801,Graduate
0.06733139821646432,0.0764987129739272,0.8561698888096084,Graduate
0.9983488073755811,0.0013660514054078137,0.00028514121901100143,Dropout
0.05809810120690206,0.20355762669704972,0.7383442720960482,Graduate
0.01664716815564967,0.00535016315490609,0.9780026686894442,Graduate
0.2217162227293503,0.3600893010577538,0.41819447621289596,Enrolled
0.02660888300451138,0.006096833135664115,0.9672942838598245,Graduate
0.004670783008540108,0.1630139229235104,0.8323152940679495,Enrolled
0.002615448642616433,0.012422361791818062,0.9849621895655656,Graduate
0.004810129934495749,0.009569454555797354,0.985620415509707,Graduate
0.0029103956747509358,0.0018790043282287865,0.9952105999970203,Graduate
0.07058017578274822,0.12227118598325272,0.8071486382339991,Graduate
0.5554288372054539,0.40102649298343623,0.043544669811109916,Dropout
0.9453885106222181,0.0518272283427993,0.0027842610349826436,Dropout
0.0379411576879226,0.03240660092678864,0.9296522413852888,Graduate
0.42891299847944614,0.06776765527230352,0.5033193462482503,Dropout
0.10848577040940463,0.2387794842218212,0.6527347453687742,Graduate
0.06442463245401218,0.23795470356483803,0.6976206639811497,Graduate
0.7001088824032095,0.044402255726084736,0.2554888618707058,Graduate
0.012838322345050928,0.015656088876549318,0.9715055887783997,Graduate
0.963812150518159,0.03536303058086866,0.0008248189009723621,Dropout
0.9602118026805117,0.03587353817730533,0.003914659142183159,Dropout
0.005037302630675289,0.017671537870126368,0.9772911594991983,Graduate
0.2901285893583282,0.687888343518832,0.021983067122839928,Enrolled
0.951634421054604,0.0467083983699209,0.0016571805754749288,Dropout
0.14012322509992123,0.7642684464893148,0.09560832841076401,Enrolled
0.026952195964896435,0.0157953912221478,0.9572524128129558,Graduate
0.016453696581057404,0.14276441432137407,0.8407818890975685,Graduate
0.029767631584790778,0.03791894521494987,0.9323134232002593,Graduate
0.13510436436799084,0.5834676690217975,0.28142796661021174,Graduate
0.9766872860301826,0.022231419196714584,0.0010812947731028148,Dropout
0.10807535555656045,0.4358568641743061,0.4560677802691334,Graduate
0.05848051043126402,0.4124622153200586,0.5290572742486773,Graduate
0.8801795545324164,0.1181540508700906,0.0016663945974930883,Dropout
0.08726955037007969,0.9092678678342715,0.0034625817956486183,Enrolled
0.9949306330758152,0.004646962688930537,0.0004224042352543222,Dropout
0.146984589614197,0.8190880265242052,0.033927383861597805,Enrolled
0.023140707163138173,0.03834590183774787,0.9385133909991139,Graduate
0.988308963506111,0.00828704846918489,0.003403988024704198,Dropout
0.051336523236237455,0.16450538304700915,0.7841580937167534,Graduate
0.1578469918784304,0.681285856040331,0.16086715208123864,Enrolled
0.2379919364832813,0.4236284348655553,0.3383796286511634,Graduate
0.046361696772008805,0.7178696453552116,0.23576865787277965,Enrolled
0.8240058861197639,0.07569304705867522,0.10030106682156092,Dropout
0.11700519364107352,0.5007203675538038,0.38227443880512263,Enrolled
0.0762285915779408,0.17910571902210107,0.744665689399958,Graduate
0.39754472134127794,0.5897305411973035,0.012724737461418594,Enrolled
0.24807096668022025,0.4537815835970779,0.29814744972270196,Dropout
0.3049841932164764,0.6533063940039859,0.041709412779537686,Dropout
0.9931740585881627,0.00630732904012477,0.0005186123717125173,Dropout
0.028189107303823634,0.04848615789941764,0.9233247347967587,Graduate
0.14203775149679343,0.8182681599651548,0.03969408853805174,Enrolled
0.9874180431887738,0.004980770689742774,0.007601186121483527,Dropout
0.006113354256514342,0.04544721363601883,0.948439432107467,Graduate
0.6308781183557955,0.34850744659335836,0.020614435050846102,Dropout
0.995176219515242,0.0037519250458568076,0.0010718554389012233,Dropout
0.04088708569148331,0.05360837836671468,0.9055045359418019,Graduate
0.016195834852913676,0.14037546873312823,0.8434286964139581,Graduate
0.14015887706487462,0.8254841356279002,0.03435698730722515,Dropout
0.021167459089832766,0.9699194535390724,0.008913087371094886,Enrolled
0.010650154372171991,0.04552123082688144,0.9438286148009466,Graduate
0.3316398905217809,0.29319666139875644,0.37516344807946267,Enrolled
0.02717907540919074,0.011355799963711704,0.9614651246270975,Graduate
0.07732107161215523,0.03703500665861536,0.8856439217292295,Graduate
0.004366620999168764,0.005868968460426896,0.9897644105404043,Graduate
0.6347111913019767,0.18887593765283323,0.1764128710451901,Dropout
0.045000784273298435,0.05295645571802992,0.9020427600086716,Graduate
0.006233622369864862,0.23126743249862955,0.7624989451315055,Enrolled
0.26259901012743514,0.6705961491482728,0.06680484072429205,Enrolled
0.018171794948843176,0.35744346407534233,0.6243847409758145,Graduate
0.9832844368304333,0.015634163308560767,0.0010813998610058788,Dropout
0.0022833740456661075,0.007348324059448196,0.9903683018948858,Graduate
0.017909146176129005,0.03457652408885286,0.9475143297350181,Graduate
0.01559457715751734,0.014792327780695995,0.9696130950617866,Graduate
0.08655578101679515,0.09982532019965741,0.8136188987835474,Enrolled
0.2464900902381585,0.6385567566496465,0.11495315311219488,Graduate
0.9597025655974376,0.038278010869671024,0.0020194235328915592,Dropout
0.00955765285007693,0.0029538846610299707,0.9874884624888931,Graduate
0.9893497204623548,0.009263085868720312,0.0013871936689248405,Dropout
0.10671550557590308,0.8578506274304998,0.035433866993597234,Dropout
0.006936397203649285,0.02487239491669902,0.9681912078796517,Graduate
0.014561776011743402,0.03398313648512938,0.9514550875031274,Graduate
0.0071730995509931795,0.04598181464686017,0.9468450858021467,Graduate
0.8937331079028821,0.10409320883653402,0.0021736832605839373,Dropout
0.9869062931062473,0.01159781579728091,0.0014958910964718447,Dropout
0.04062196041609478,0.15033710204789533,0.8090409375360098,Graduate
0.9036556961652636,0.0291748565372216,0.06716944729751484,Dropout
0.014688284966985217,0.017057766200132562,0.9682539488328822,Graduate
0.03433142626317643,0.35224844056301213,0.6134201331738114,Dropout
0.9848029256353256,0.013553542333328013,0.001643532031346564,Dropout
0.9272833124741604,0.07077290664366893,0.0019437808821708646,Dropout
0.08300827843381298,0.30759760482289333,0.6093941167432937,Graduate
0.003794858624567401,0.027457623330483568,0.9687475180449491,Graduate
0.036804569104527854,0.9170970752883028,0.04609835560716924,Enrolled
0.05321477804514816,0.009869883532476488,0.9369153384223753,Graduate
0.9783913453822028,0.02006670897593726,0.0015419456418599132,Enrolled
0.004520496417807832,0.003913225304477703,0.9915662782777145,Graduate
0.03794763177567258,0.024654687765127217,0.9373976804592001,Graduate
0.9817021532489182,0.012653610481610065,0.005644236269471666,Dropout
0.07969341660628215,0.08907072893618968,0.8312358544575282,Graduate
0.03742566662751569,0.024871797421736296,0.9377025359507479,Graduate
0.7090846347046071,0.28885674563715985,0.0020586196582329545,Enrolled
0.7371457864484217,0.11495460489897817,0.14789960865260024,Enrolled
0.012335635713000719,0.010839292976056295,0.9768250713109429,Graduate
0.6035057572397996,0.3842188615822135,0.012275381177986945,Enrolled
0.007781868532647226,0.0080921424184957,0.9841259890488571,Graduate
0.008248986114887846,0.04288538333902068,0.9488656305460916,Graduate
0.0987653738622952,0.892373310315903,0.008861315821801805,Enrolled
0.18522031227783262,0.79997703793643,0.014802649785737398,Enrolled
0.027092828229893638,0.061420678427028357,0.9114864933430781,Graduate
0.5979829216805255,0.3180519953035232,0.08396508301595122,Graduate
0.9879679118829867,0.01184672466117862,0.00018536345583465092,Dropout
0.047884357867246374,0.032864006248250574,0.9192516358845031,Dropout
0.2415694628919831,0.7526523743094015,0.005778162798615552,Dropout
0.017057466145344424,0.08964034808403397,0.8933021857706216,Graduate
0.17273681076547082,0.7691049154828747,0.05815827375165447,Enrolled
0.9926587714585253,0.007203365988622745,0.00013786255285184665,Dropout
0.006598667911395162,0.017733286379874983,0.9756680457087299,Graduate
0.01994102667640571,0.01438087404707354,0.9656780992765208,Graduate
0.7013470983205553,0.24840817983475771,0.05024472184468693,Dropout
0.002625503126338387,0.018549626961939996,0.9788248699117217,Graduate
0.22856459779614693,0.6335342967339965,0.13790110546985657,Graduate
0.9977247147634672,0.0018543084565342516,0.00042097677999848175,Dropout
0.6114751277313223,0.3644303046328123,0.02409456763586544,Dropout
0.7572424746505626,0.13277540647653377,0.10998211887290364,Graduate
0.027085298819879502,0.07175785105571167,0.9011568501244088,Graduate
0.5626506374259628,0.4271022793273367,0.010247083246700513,Dropout
0.10574376623063193,0.7113971233048123,0.18285911046455564,Enrolled
0.1359318072564842,0.40713220582744375,0.45693598691607196,Enrolled
0.040844399720238414,0.6901322344914322,0.26902336578832936,Graduate
0.029024055859391353,0.03181281805096986,0.9391631260896388,Graduate
0.984026871083936,0.01559885324554647,0.00037427567051760317,Dropout
0.923359573335956,0.058531512579723534,0.018108914084320554,Dropout
0.01391088103634767,0.06448302916026312,0.9216060898033892,Graduate
0.06370591363834645,0.5245136648497283,0.41178042151192523,Enrolled
0.96641419206347,0.027198333403795273,0.006387474532734737,Dropout
0.06312812242935592,0.7428743960221273,0.19399748154851676,Enrolled
0.052361224421304794,0.04888925241636169,0.8987495231623336,Graduate
0.3838592488900259,0.6076635167847175,0.008477234325256681,Enrolled
0.35965358699735384,0.5583825218025227,0.08196389120012354,Enrolled
0.008510930247217057,0.01045527798541705,0.9810337917673659,Graduate
0.00568900542667091,0.018281621351482275,0.9760293732218469,Graduate
0.36676880138520834,0.5942733785733681,0.038957820041423494,Dropout
0.010289159851793924,0.040553159415894956,0.9491576807323111,Graduate
0.002815419022858607,0.00966165741551983,0.9875229235616215,Graduate
0.013949557358420078,0.010919692788332063,0.9751307498532479,Graduate
0.0020600341841847327,0.11122681977309315,0.8867131460427221,Graduate
0.012240635243436805,0.0031154987314966497,0.9846438660250666,Graduate
0.9993677566308348,0.00043369182255912985,0.00019855154660615787,Dropout
0.048121618487349783,0.031385514515475145,0.9204928669971751,Enrolled
0.008717565530345727,0.013874279482451056,0.9774081549872032,Graduate
0.012540390458988348,0.015070488339909668,0.9723891212011021,Graduate
0.01954648451473498,0.18106642515942697,0.7993870903258381,Graduate
0.9980245125477224,0.0016109110895572345,0.00036457636272024016,Dropout
0.023143008867688337,0.12771216302124327,0.8491448281110683,Graduate
0.993208684332983,0.003947855328531052,0.002843460338485835,Dropout
0.9992258577726395,0.00030918417922122353,0.0004649580481393478,Dropout
0.7914022824938647,0.0419791872888569,0.16661853021727846,Dropout
0.3019873113964723,0.13300558284906078,0.565007105754467,Dropout
0.01701622657310324,0.09386732057248225,0.8891164528544145,Graduate
0.7262725208079847,0.20500163003475702,0.06872584915725834,Dropout
0.9987540001487515,0.0006190658619037165,0.0006269339893447722,Dropout
0.01748292421742765,0.16085433336002317,0.8216627424225491,Graduate
0.9964733277259812,0.0034207576445606097,0.00010591462945810406,Dropout
0.00870910765203948,0.013492055355113542,0.977798836992847,Graduate
0.9745196954604202,0.021538194393453315,0.003942110146126349,Dropout
0.1077226599606277,0.5216482366402397,0.3706291033991326,Enrolled
0.022780106225624232,0.028727439462430403,0.9484924543119453,Graduate
0.997382083430953,0.0022175010686625945,0.00040041550038430294,Dropout
0.9869311023945239,0.006625867034350832,0.006443030571125327,Dropout
0.941600451661481,0.05669661200613516,0.0017029363323837667,Dropout
0.019517629325903663,0.11195399161326941,0.8685283790608269,Graduate
0.026621833956771465,0.6999849194672998,0.2733932465759286,Enrolled
0.016406423930801165,0.023437734120589724,0.9601558419486091,Graduate
0.9421789901060396,0.025460370180810123,0.03236063971315037,Dropout
0.1810390690459672,0.10505183073161661,0.713909100222416,Enrolled
0.22364562496227208,0.49684925100666016,0.27950512403106764,Enrolled
0.03301340115738999,0.18383774069328415,0.7831488581493258,Graduate
0.02435213264811974,0.621544571100777,0.35410329625110337,Graduate
0.010498297074715866,0.035705124513822364,0.9537965784114618,Graduate
0.03200758769039962,0.011649923088377081,0.9563424892212233,Graduate
0.1547623437849877,0.21503461436113563,0.6302030418538767,Enrolled
0.08839680673860253,0.5153636547497698,0.39623953851162774,Dropout
0.004387001982121457,0.0035704006914463165,0.9920425973264323,Graduate
0.9679106506364009,0.02572115242920508,0.006368196934394236,Dropout
0.004764088810516325,0.02205936480145884,0.9731765463880249,Graduate
0.032288561178336686,0.145704784505143,0.8220066543165204,Enrolled
0.036577144845663184,0.10465571250023756,0.8587671426540994,Graduate
0.038978252735998656,0.2749198826795226,0.6861018645844786,Graduate
0.77344336170159,0.03806017279487773,0.18849646550353216,Dropout
0.011086145118934044,0.09934034617119696,0.8895735087098691,Graduate
0.8900032968014504,0.06370564897388621,0.046291054224663265,Dropout
0.9623245610635492,0.03318627094330911,0.004489167993141644,Dropout
0.020157921848422435,0.1994103397904775,0.7804317383611,Graduate
0.02961416641484556,0.05589557029067972,0.9144902632944747,Graduate
0.008444676949433157,0.09220046285414576,0.8993548601964211,Graduate
0.8249759325096002,0.17237939523909498,0.0026446722513049207,Dropout
0.020526168906240084,0.01884034843278143,0.9606334826609784,Graduate
0.9916096008069478,0.0030862945780493604,0.005304104615002864,Dropout
0.15337887162599514,0.4939613951468551,0.3526597332271498,Graduate
0.01764660057193848,0.2925536158932602,0.6897997835348014,Graduate
0.99467224066353,0.00463237075082047,0.0006953885856493774,Dropout
0.13167835210233095,0.5515169373085818,0.3168047105890872,Dropout
0.2113260150381506,0.7857927527438678,0.002881232217981535,Enrolled
0.9912066745093362,0.007394915753218572,0.0013984097374453264,Dropout
0.0020255929188376515,0.0035173901883322617,0.9944570168928302,Graduate
0.01910093565277268,0.06334404267385299,0.9175550216733742,Graduate
0.04691777537216516,0.056161109028604966,0.8969211155992298,Graduate
0.044886688115083395,0.16315276145057472,0.7919605504343419,Graduate
0.018579332360685315,0.01963709127242613,0.9617835763668886,Graduate
0.006727150942977039,0.04755821712785864,0.9457146319291643,Graduate
0.017745144339991643,0.14950842890923952,0.8327464267507688,Graduate
0.07522905897833372,0.21053960374832895,0.7142313372733374,Graduate
0.9968285163115989,0.0026812236990870993,0.0004902599893141861,Dropout
0.005135846309829562,0.005472755836388568,0.9893913978537819,Graduate
0.18986047495927041,0.19962385102621252,0.6105156740145171,Enrolled
0.9344731545659969,0.022182600739961287,0.043344244694041745,Graduate
0.3410089686492619,0.24299537570722915,0.41599565564350904,Enrolled
0.9968116750097024,0.002878430452950945,0.00030989453734668355,Dropout
0.27164201885689854,0.6972143748886573,0.03114360625444408,Enrolled
0.03878245946208527,0.24170303692783565,0.7195145036100791,Enrolled
0.10192987953564213,0.8118717318214842,0.08619838864287356,Enrolled
0.6196552784712571,0.3740795798278816,0.006265141700861234,Dropout
0.17976291551750814,0.8120644797268014,0.008172604755690344,Enrolled
0.9960034247005773,0.0036815123436303118,0.000315062955792356,Dropout
0.09574615403078715,0.09619012728355734,0.8080637186856555,Graduate
0.033377799202145286,0.019666219091839736,0.946955981706015,Graduate
0.2256620906764018,0.7456454917600747,0.028692417563523635,Enrolled
0.0051124818822283315,0.16726138731192458,0.8276261308058471,Graduate
0.008924768509603661,0.03684367830147574,0.9542315531889206,Graduate
0.02885957028378781,0.16870759378037653,0.8024328359358356,Graduate
0.998552854124391,0.0010825288714598937,0.0003646170041490161,Dropout
0.017701724300384365,0.014837192366984381,0.9674610833326313,Graduate
0.10266230717187877,0.6424449636529077,0.25489272917521355,Enrolled
0.006484991397960682,0.011728646507076994,0.9817863620949624,Graduate
0.0676714996898095,0.06981490775711373,0.8625135925530767,Graduate
0.02692807104427428,0.09588906563108433,0.8771828633246415,Graduate
0.07006433106134481,0.5181289492202579,0.4118067197183974,Enrolled
0.0283067905780934,0.07828957862369652,0.8934036307982101,Graduate
0.6474175385798974,0.3206230279873701,0.03195943343273258,Dropout
0.005078837642244677,0.02078039472170025,0.9741407676360551,Graduate
0.40852333462630475,0.4337900514738763,0.15768661389981897,Enrolled
0.09902006011229206,0.5649568769972729,0.3360230628904351,Graduate
0.014882800117575931,0.018918597174434525,0.9661986027079896,Graduate
0.9780445973013376,0.0187967223374427,0.003158680361219718,Dropout
0.7227631611535351,0.2726156015433976,0.004621237303067215,Enrolled
0.008103243942497914,0.029437447458232232,0.9624593085992699,Graduate
0.00677473829979413,0.023239054985348475,0.9699862067148575,Graduate
0.9539225856371929,0.04444262595637472,0.0016347884064324815,Dropout
0.02389001079354034,0.038540984932411274,0.9375690042740483,Graduate
0.003127382725647318,0.0048388923674899924,0.9920337249068627,Graduate
0.18850811543380264,0.6987556493058925,0.11273623526030485,Enrolled
0.9802026716664919,0.01652325472575727,0.003274073607750883,Dropout
0.3238607274954774,0.2759267144750576,0.400212558029465,Enrolled
0.23752787131867642,0.08881582915579286,0.6736562995255306,Graduate
0.35954180118273815,0.6327169860245329,0.0077412127927291435,Enrolled
0.08499979169586355,0.700522551852986,0.2144776564511505,Dropout
0.15151694667052254,0.03333195582995833,0.8151510974995192,Graduate
0.09844411559971851,0.3559018006308484,0.545654083769433,Enrolled
0.9911967327738295,0.008555230806309265,0.0002480364198611258,Dropout
0.2311899807936701,0.7456405101542511,0.02316950905207881,Enrolled
0.8756914948039772,0.1231866477611907,0.0011218574348321206,Dropout
0.10635707670492385,0.4195983571780248,0.4740445661170513,Graduate
0.07777027368101068,0.5430905306062846,0.3791391957127047,Enrolled
0.7190608995591047,0.2765021611635677,0.004436939277327754,Dropout
0.9971607350276723,0.002501835093185388,0.00033742987914232094,Dropout
0.09083142580514332,0.7392326596738591,0.16993591452099766,Enrolled
0.8720888977890858,0.12515159574333865,0.0027595064675756033,Dropout
0.8806829299345502,0.060915343517294655,0.058401726548155036,Dropout
0.020979025550896875,0.045831371658794674,0.9331896027903085,Enrolled
0.9065622824425934,0.08504728101308832,0.008390436544318342,Dropout
0.09393677797983506,0.4467496802052655,0.4593135418148995,Enrolled
0.9966538662846078,0.0032063630127528438,0.00013977070263946834,Dropout
0.11392008123128414,0.07915811671990479,0.8069218020488109,Graduate
0.047637120256777965,0.025178317013050552,0.9271845627301715,Graduate
0.4415169170853188,0.36752876173904925,0.19095432117563202,Dropout
0.02282984218466638,0.03329104904569272,0.9438791087696409,Graduate
0.1570521448712584,0.15267924896090157,0.69026860616784,Dropout
0.025321644637502392,0.02652239735980042,0.948155958002697,Graduate
0.04348907327452336,0.10141329037813863,0.855097636347338,Graduate
0.0015331571805352493,0.0018097451954720057,0.9966570976239928,Graduate
0.03700919572521473,0.011537745094360128,0.9514530591804251,Graduate
0.03452571255692725,0.014125465325966697,0.951348822117106,Graduate
0.07376311755235113,0.11021285927164051,0.8160240231760083,Enrolled
0.004119472425811815,0.0042360542815490084,0.9916444732926392,Graduate
0.16848313772206522,0.2686010716782531,0.5629157905996818,Graduate
0.00395910037033846,0.03677977503694316,0.9592611245927184,Graduate
0.8109056586159868,0.18592226487981053,0.0031720765042025437,Dropout
0.11516700945612278,0.639860397255897,0.24497259328798018,Enrolled
0.027954449783466676,0.03705379925142213,0.9349917509651113,Graduate
0.0243871986872719,0.04413406557476852,0.9314787357379596,Graduate
0.010064131232905048,0.006784468397735345,0.9831514003693597,Graduate
0.999012449050098,0.0008478804915903345,0.0001396704583115437,Dropout
0.9934412680078729,0.004396985845916003,0.00216174614621102,Dropout
0.03075268072655678,0.42617076950287924,0.543076549770564,Enrolled
0.9750898783588998,0.020116754249764737,0.00479336739133542,Dropout
0.0049018485938200325,0.005297307233588598,0.9898008441725913,Graduate
0.06053147943143479,0.04039316327878718,0.899075357289778,Graduate
0.5721736503962571,0.3060335447465459,0.12179280485719705,Graduate
0.0068764437122654405,0.010956576842118147,0.9821669794456165,Dropout
0.08822438121161248,0.14257296875718437,0.7692026500312031,Graduate
0.9710384541031605,0.024363495903797796,0.0045980499930417,Dropout
0.4366138469451642,0.3179429721961599,0.24544318085867578,Dropout
0.06919622827662675,0.18555883270591425,0.7452449390174589,Graduate
0.9199837175705129,0.06815048352942503,0.011865798900062051,Dropout
0.008667496544628568,0.0521025935045633,0.9392299099508082,Graduate
0.005859769227998776,0.005386647821520679,0.9887535829504805,Graduate
0.027624646230546224,0.04983899319578657,0.9225363605736673,Graduate
0.06271865682169397,0.6503592455366783,0.28692209764162774,Enrolled
0.981103565353886,0.017336575724661688,0.00155985892145225,Dropout
0.9689620958584488,0.027993538789001942,0.003044365352549098,Dropout
