pred_Enrolled,pred_Graduate,pred_Dropout,true
0.3688843362674153,0.592520122391474,0.038595541341110685,Graduate
0.021477856678424223,0.042973754254067166,0.9355483890675086,Dropout
0.018804188023876314,0.007346138943068379,0.9738496730330554,Dropout
0.06307024226636881,0.006143223162952641,0.9307865345706785,Dropout
0.017299980898317125,0.0010285416929997418,0.9816714774086832,Dropout
0.04827823367486993,0.003222487351036979,0.9484992789740931,Dropout
0.28714532976992285,0.6543846005258079,0.05847006970426923,Graduate
0.5676815887628233,0.007329684106352569,0.4249887271308242,Enrolled
0.12003631810306514,0.8350420744651427,0.044921607431792174,Dropout
0.02271860781556665,0.004897581291705573,0.9723838108927279,Dropout
0.018027264469908304,0.008949432984658024,0.9730233025454337,Dropout
0.0419719273147941,0.18081632775598638,0.7772117449292195,Dropout
0.17092787821215485,0.7977872925809496,0.03128482920689554,Graduate
0.02208869895023676,0.00046146962571827965,0.9774498314240451,Dropout
0.10904399742740037,0.0027329139750922817,0.8882230885975073,Enrolled
0.024376379346155292,0.9403212661311652,0.0353023545226797,Graduate
0.0032880277307609906,0.002213014933006757,0.9944989573362322,Dropout
0.03566924052114178,0.018697068182112975,0.9456336912967451,Dropout
0.0569414076854312,0.9204156606184284,0.022642931696140428,Graduate
0.46454368241830185,0.24475585158911062,0.2907004659925875,Enrolled
0.13977118921437112,0.8423708095167964,0.01785800126883246,Graduate
0.6840663768473717,0.2754945627214036,0.040439060431224694,Enrolled
0.6662572833405174,0.05040428614267098,0.2833384305168116,Dropout
0.4412353221343024,0.40522184722011845,0.15354283064557928,Graduate
0.0043875377170449585,0.9863574887817659,0.009254973501189008,Graduate
0.009902636086024407,0.0007945064753114246,0.9893028574386641,Dropout
0.005666510033515122,0.0015673578105756722,0.9927661321559093,Dropout
0.2501250545623864,0.7044247094869974,0.04545023595061612,Enrolled
0.7133482226647716,0.1865211433043031,0.10013063403092527,Enrolled
0.04698209324498399,0.00710729652315884,0.9459106102318573,Dropout
0.10680331450594933,0.8737826563310885,0.019414029162962067,Graduate
0.5714051772192288,0.3903860679285373,0.038208754852233934,Graduate
0.6351747975056586,0.2390314243220683,0.125793778172273,Enrolled
0.41854715004792614,0.40798641322529006,0.17346643672678386,Graduate
0.09776499134473252,0.8781213457578103,0.024113662897457304,Graduate
0.017052572072369855,0.003204068192564315,0.9797433597350659,Dropout
0.027869414014992808,0.9590518089129934,0.013078777072013789,Graduate
0.1363746231314442,0.8029235621244404,0.06070181474411548,Graduate
0.004075015559988912,0.0011487708769910099,0.9947762135630202,Dropout
0.4843042781417898,0.39128748721832773,0.1244082346398824,Enrolled
0.003086649305988721,0.002250796351509526,0.9946625543425018,Dropout
0.05885356503041271,0.9204857642496185,0.020660670719968702,Enrolled
0.02398800926264485,0.9413363840593035,0.03467560667805164,Graduate
0.3146427145252855,0.6330599760153175,0.05229730945939682,Graduate
0.030655374252192752,0.9585958250086096,0.010748800739197829,Graduate
0.021082736047447335,0.9703769439309827,0.008540320021569936,Graduate
0.4114766228177436,0.40763888007934407,0.18088449710291227,Enrolled
0.07754671771686539,0.8722848337077288,0.05016844857540596,Enrolled
0.011697090263690138,0.007198596633961751,0.9811043131023482,Dropout
0.8641571416871223,0.021983057810205375,0.11385980050267228,Enrolled
0.8686586496163643,0.024109125074457637,0.10723222530917814,Enrolled
0.07205427034353332,0.9056816013265787,0.022264128329887847,Graduate
0.33508552758966653,0.5688948353535118,0.09601963705682165,Graduate
0.06693002271380029,0.9069539573495843,0.02611601993661559,Graduate
0.10579318170184535,0.8851608028929862,0.009046015405168485,Graduate
0.6936854174800313,0.15877743210557885,0.1475371504143897,Enrolled
0.02043110909964536,0.9531544375212487,0.026414453379105855,Graduate
0.6236316010836243,0.3025810356245797,0.073787363291796,Graduate
0.07795921789043615,0.9048365603593091,0.017204221750254673,Enrolled
0.12209609023400898,0.8313148303619616,0.04658907940402924,Graduate
0.5524235378262842,0.3754896734615974,0.07208678871211853,Graduate
0.05429547667127178,0.0053987369671748804,0.9403057863615533,Dropout
0.3466509412745407,0.014775017317652099,0.6385740414078072,Dropout
0.9028630979001899,0.004062384532613041,0.09307451756719709,Enrolled
0.021568630624370765,0.9542130488187525,0.02421832055687677,Graduate
0.03679750786668706,0.9442313969706736,0.018971095162639336,Graduate
0.0033191464873840886,0.0006779244509545505,0.9960029290616614,Dropout
0.3218903541129552,0.04800387422925635,0.6301057716577885,Enrolled
0.00925710226489013,0.003092310125999983,0.98765058760911,Dropout
0.27777771702903276,0.013234806272043414,0.7089874766989238,Dropout
0.01030838308689581,0.9848748161832304,0.0048168007298738545,Graduate
0.09426057538703438,0.8305598471269143,0.07517957748605128,Graduate
0.0033577723780653613,0.9866830155864337,0.00995921203550104,Graduate
0.2650950398847518,0.6255749897041919,0.1093299704110564,Enrolled
0.3310684791313976,0.6010489121589073,0.06788260870969516,Graduate
0.2633128349185807,0.6522754069933312,0.0844117580880882,Graduate
0.12051153899222988,0.6043751276915034,0.2751133333162668,Enrolled
0.26676851165534765,0.6717844354843275,0.0614470528603248,Graduate
0.01853041138473394,0.9659458696464959,0.015523718968770328,Dropout
0.008234433377550856,0.9836143980818928,0.0081511685405563,Graduate
0.04151794193300669,0.004451136983149972,0.9540309210838434,Dropout
0.007269218070106698,0.9855727902411398,0.007157991688753556,Graduate
0.13177212803068292,0.013706693297349862,0.8545211786719673,Dropout
0.4548272360614319,0.3712634214771495,0.1739093424614186,Graduate
0.07182728022665254,0.002202384520843333,0.9259703352525042,Dropout
0.008877865678750069,0.9858288386939715,0.00529329562727834,Graduate
0.0020183680704501106,0.0016693428377568713,0.996312289091793,Dropout
0.04739431793950355,0.010349028390079715,0.9422566536704168,Dropout
0.2638862817709148,0.7093686837645699,0.026745034464515323,Enrolled
0.01941170622938775,0.9685470338754337,0.012041259895178529,Graduate
0.007452175761947056,0.9773616104005666,0.015186213837486449,Graduate
0.004630282707187159,0.00046213503176172543,0.9949075822610511,Dropout
0.5565134163678845,0.28129962760623667,0.1621869560258788,Enrolled
0.16269960088977184,0.029528079391308436,0.8077723197189196,Dropout
0.004185573688571378,0.0005306634258304377,0.9952837628855982,Dropout
0.0926236683362656,0.8793128891566082,0.028063442507126325,Graduate
0.4106781141347596,0.5443433791417129,0.04497850672352753,Enrolled
0.770361859024282,0.106554804319803,0.12308333665591503,Enrolled
0.010764155114051353,0.9828479208300294,0.006387924055919418,Graduate
0.17924388215142512,0.01074632394120373,0.8100097939073712,Dropout
0.015695735678128337,0.9648258122281049,0.019478452093766824,Graduate
0.011901420175514103,0.9797424608452625,0.008356118979223419,Graduate
0.37072206950190606,0.5726845350475236,0.05659339545057037,Enrolled
0.06377716814520729,0.06952865376147156,0.8666941780933212,Dropout
0.34083969489143556,0.45618390776087386,0.20297639734769052,Graduate
0.15072139112653526,0.8245477813323554,0.024730827541109262,Graduate
0.2321389587242492,0.007470218010171501,0.7603908232655794,Dropout
0.012407696181968377,0.9770189385271737,0.010573365290858058,Graduate
0.019350005322651555,0.96801487175866,0.012635122918688617,Graduate
0.29874853628949594,0.663544745895381,0.037706717815123025,Enrolled
0.2366287690688264,0.013139190895900751,0.7502320400352729,Dropout
0.02455396215947289,0.9510801844443808,0.024365853396146154,Graduate
0.18313662042671505,0.7746095120249584,0.04225386754832647,Enrolled
0.8659784268252766,0.04173942211466492,0.09228215106005848,Enrolled
0.08222037954540141,0.8693026655972188,0.04847695485737971,Graduate
0.02919162437781854,0.9597950254633582,0.011013350158823432,Graduate
0.21085555996266786,0.5722046734581135,0.2169397665792185,Dropout
0.012754170501777675,0.9703858166171172,0.016860012881105207,Graduate
0.01569171171224286,0.9726378967911922,0.011670391496564996,Graduate
0.03678288147038829,0.9377341607464165,0.025482957783195277,Graduate
0.1123236747990253,0.026659234626366646,0.861017090574608,Dropout
0.030799221767012542,0.9231589819347049,0.04604179629828257,Graduate
0.4412769075873338,0.07132642775673295,0.48739666465593334,Enrolled
0.02051462294086603,0.019758148900789176,0.9597272281583448,Dropout
0.010609711140793045,0.9759068422153498,0.01348344664385704,Graduate
0.02869790257822815,0.933103261537915,0.03819883588385688,Graduate
0.02639520553891582,0.00821776151857332,0.9653870329425109,Dropout
0.24108300146494763,0.7007278310176611,0.058189167517391345,Enrolled
0.02501341301149118,0.9695981838703079,0.005388403118200779,Graduate
0.03031795328139349,0.9475544880080913,0.022127558710515156,Graduate
0.1408765561186439,0.8343759503767562,0.024747493504599948,Enrolled
0.013688032289322229,0.9812845758340898,0.005027391876587934,Graduate
0.7546931824013712,0.09102638014207687,0.15428043745655198,Enrolled
0.7887059017746706,0.15758210590628105,0.05371199231904844,Graduate
0.2609406436862991,0.14848418927890727,0.5905751670347936,Dropout
0.010920680733864253,0.9797356011626759,0.009343718103459686,Graduate
0.2322593290987891,0.7452868307898964,0.022453840111314547,Graduate
0.012474441233174384,0.9774279455021366,0.010097613264689158,Graduate
0.021184551672641005,0.9497763774336373,0.02903907089372167,Graduate
0.005219422156731309,0.014658020154187028,0.9801225576890817,Dropout
0.8525100368398479,0.06166097488321748,0.08582898827693454,Enrolled
0.006165899017104176,0.9811557197791904,0.012678381203705399,Graduate
0.09357512508099224,0.860968039101012,0.045456835817995714,Graduate
0.00891252830894703,0.9764423806963844,0.014645090994668406,Graduate
0.00719241307386401,0.001891998110607803,0.9909155888155282,Dropout
0.251548247688987,0.7184332473499416,0.03001850496107137,Enrolled
0.11617235237866747,0.8689318930048892,0.014895754616443267,Graduate
0.07875172666928591,0.004162357251700253,0.9170859160790138,Dropout
0.0453348209005725,0.9291279482604421,0.025537230838985507,Graduate
0.031063597379241137,0.9523115557224916,0.016624846898267407,Graduate
0.15589174243074622,0.8231272158274519,0.02098104174180194,Enrolled
0.012947070365893062,0.9804004259138219,0.006652503720284954,Graduate
0.033149321135603475,0.8619931629832018,0.10485751588119453,Graduate
0.117995768264729,0.8578002060303029,0.024204025704968147,Graduate
0.0009124012817014376,0.00029665859485077404,0.9987909401234477,Dropout
0.07227257137017509,0.8775656015260871,0.05016182710373792,Graduate
0.22943037541046718,0.7515333710276497,0.019036253561883175,Graduate
0.0612362764234597,0.0019827082394295566,0.9367810153371108,Dropout
0.09178745530869607,0.8999910792830231,0.008221465408281031,Graduate
0.603401923254823,0.2576052191914472,0.1389928575537299,Enrolled
0.00974214792426934,0.0020936685521419788,0.9881641835235887,Dropout
0.017842669446382613,0.9712049384264629,0.010952392127154419,Graduate
0.14292935521195155,0.8124768242234943,0.044593820564554174,Graduate
0.055841951577361465,0.012112283767641056,0.9320457646549976,Enrolled
0.07658275595090776,0.8848853292759039,0.03853191477318846,Graduate
0.585313844401273,0.055936145668589295,0.35875000993013767,Enrolled
0.16567845121742952,0.7359443561406888,0.0983771926418818,Graduate
0.1881521555012252,0.701940032657204,0.1099078118415708,Graduate
0.00869472151839131,0.9857688799143685,0.0055363985672400775,Graduate
0.02104480698978349,0.9532510090654919,0.025704183944724634,Enrolled
0.002091794722805271,0.0006922999759141821,0.9972159053012806,Dropout
0.03490596734865348,0.954242061528559,0.010851971122787496,Graduate
0.0038413978053007834,0.9916145197366133,0.004544082458085802,Graduate
0.09882500514612176,0.6616557601797763,0.23951923467410186,Graduate
0.22565652279930182,0.7139079561367679,0.06043552106393034,Graduate
0.06622659171680091,0.8864875638742239,0.04728584440897522,Graduate
0.373393032778255,0.012081483061398711,0.6145254841603462,Dropout
0.03193533233684574,0.9543477607401906,0.013716906922963661,Graduate
0.0062373277984776754,0.9876755097956528,0.006087162405869538,Graduate
0.15464179526596836,0.7936928709828638,0.05166533375116785,Graduate
0.024253144347136164,0.002849263797798313,0.9728975918550655,Dropout
0.7253556341898713,0.10266448649748798,0.17197987931264067,Enrolled
0.3770293182685693,0.5577837642004335,0.06518691753099724,Graduate
0.004670749887355799,0.9921830177759768,0.00314623233666728,Graduate
0.06692122617523977,0.0074142883479920265,0.9256644854767683,Enrolled
0.07072359018948696,0.9013394824097734,0.027936927400739733,Graduate
0.44586850634397646,0.4688624652421746,0.08526902841384876,Enrolled
0.8118386314653778,0.0972439164782415,0.09091745205638065,Enrolled
0.16497337530107503,0.8183489855122635,0.01667763918666141,Graduate
0.8174562209309054,0.023822982535784545,0.1587207965333099,Enrolled
0.08142484327368955,0.8184233031985642,0.10015185352774635,Graduate
0.03902027452569639,0.9115516023047099,0.049428123169593614,Graduate
0.017997445382657823,0.9730517702485046,0.008950784368837542,Graduate
0.023290476547649378,0.9520717988974204,0.024637724554930185,Graduate
0.052243232682492605,0.9413514953410709,0.006405271976436413,Graduate
0.7523912466729463,0.07911219772554497,0.16849655560150856,Dropout
0.03153036512198062,0.9581380687115295,0.010331566166490082,Graduate
0.006622314681059285,0.9800473747047617,0.01333031061417912,Graduate
0.019649018853014136,0.012067988982468277,0.9682829921645176,Dropout
0.0031124509274447873,0.9908893997777934,0.005998149294761664,Graduate
0.14412694545771854,0.7997189650938342,0.0561540894484472,Graduate
0.011744302309566334,0.9834154983796511,0.004840199310782454,Graduate
0.4851881896164076,0.4034449719935363,0.11136683839005625,Graduate
0.06842802886175658,0.010366120493614905,0.9212058506446285,Dropout
0.020574263700090585,0.004420919549132368,0.975004816750777,Dropout
0.04254602970134357,0.9257286941415123,0.03172527615714435,Graduate
0.775675609664936,0.09559402885629348,0.12873036147877062,Dropout
0.055219730848200914,0.03776745817491371,0.9070128109768855,Dropout
0.0012089753500404764,0.0008557757141737813,0.9979352489357858,Dropout
0.46083721937559424,0.24065929195004726,0.2985034886743584,Graduate
0.05546115131777257,0.9304732035741171,0.014065645108110165,Graduate
0.0046436304061413785,0.0005555957550184468,0.9948007738388402,Dropout
0.08709702678573854,0.004500331313205322,0.908402641901056,Enrolled
0.0584509992431753,0.9200172654427808,0.021531735314043843,Graduate
0.3099517745773018,0.5963255566296339,0.09372266879306429,Graduate
0.004884131329059033,0.9890900817217514,0.006025786949189637,Graduate
0.024917597382743805,0.9652689497264255,0.00981345289083048,Graduate
0.0072093486191650335,0.005185968210676104,0.9876046831701588,Dropout
0.03461951413541779,0.9292461095472562,0.03613437631732597,Graduate
0.010541680373369397,0.9647608926894042,0.02469742693722647,Graduate
0.7080892989362778,0.14564930584238903,0.1462613952213332,Graduate
0.02113827208184583,0.010303290530894805,0.9685584373872593,Dropout
0.25185645717277816,0.015330667007758163,0.7328128758194637,Dropout
0.16484201333234014,0.8063518955093913,0.028806091158268595,Graduate
0.09076477855345337,0.8958881644558888,0.013347056990657748,Graduate
0.47836515799248386,0.03292405727660265,0.4887107847309136,Dropout
0.01072580566208672,0.0031652665816045023,0.9861089277563088,Dropout
0.043832917362268346,0.9337845360269963,0.022382546610735393,Graduate
0.08306932553346599,0.8795871586391957,0.03734351582733824,Graduate
0.08198344190238813,0.10634792989060793,0.811668628207004,Dropout
0.009161776387816201,0.0009412976895332041,0.9898969259226507,Dropout
0.3963743445122439,0.40299963499052305,0.2006260204972331,Graduate
0.3238513618638881,0.4489308917600758,0.22721774637603614,Graduate
0.05683713209895981,0.0035803211293826275,0.9395825467716575,Dropout
0.06181119919567041,0.9064033344743072,0.03178546633002244,Graduate
0.3676437514875872,0.09397687783104189,0.538379370681371,Enrolled
0.06809713261055779,0.9056823150690695,0.026220552320372657,Graduate
0.02997047530930825,0.9336015961346367,0.03642792855605506,Graduate
0.007238668222917857,0.9891484660828637,0.003612865694218589,Graduate
0.4232119670385734,0.3776088341666753,0.1991791987947514,Dropout
0.0062971262191858874,0.006945397083151432,0.9867574766976627,Dropout
0.0078715208652584,0.9796672663742898,0.012461212760451715,Graduate
0.17733273807741243,0.8005809634970047,0.022086298425582938,Graduate
0.024589048373450603,0.9669828714454698,0.008428080181079786,Graduate
0.023445270199743403,0.9548814711239991,0.02167325867625727,Graduate
0.510524376518811,0.33620384654221597,0.15327177693897306,Graduate
0.031033075297509847,0.9562563854823662,0.012710539220123959,Graduate
0.005955342944191694,0.0009944621073243356,0.9930501949484839,Dropout
0.0140651218088988,0.9750029312095856,0.010931946981515622,Enrolled
0.7167614881517749,0.09868796097896793,0.1845505508692574,Enrolled
0.8280984191432326,0.020315824735121793,0.1515857561216457,Enrolled
0.054840867590725616,0.9009801111953789,0.044179021213895636,Graduate
0.009922807058795797,0.9617838074397855,0.02829338550141863,Graduate
0.8513276095416702,0.0666628656036353,0.08200952485469439,Enrolled
0.322695116606063,0.04257897435667311,0.6347259090372639,Dropout
0.15812602240814655,0.7730539724296523,0.06882000516220095,Dropout
0.6524149725095103,0.2767705116140464,0.07081451587644326,Enrolled
0.754903743718214,0.22476671617169702,0.020329540110088907,Enrolled
0.03786611456662454,0.8883771197820696,0.07375676565130593,Graduate
0.05457696534029427,0.9279397515051908,0.017483283154514986,Graduate
0.5357711123285567,0.39194154751498705,0.07228734015645631,Enrolled
0.47834084819469364,0.24902173480906958,0.27263741699623684,Enrolled
0.016479253359676642,0.970597580303136,0.012923166337187495,Graduate
0.13417315132782756,0.005882360984677917,0.8599444876874945,Dropout
0.38697105537217147,0.4584923924090103,0.15453655221881818,Enrolled
0.7966598239539798,0.18406215295127476,0.019278023094745234,Graduate
0.11751627239586016,0.8603218806986724,0.02216184690546741,Graduate
0.06619046324579836,0.9125518072097921,0.0212577295444095,Enrolled
0.0055269603072417295,0.0011878175067265807,0.9932852221860317,Dropout
0.0020411849928324917,0.00047055456954103974,0.9974882604376265,Dropout
0.041396957770783775,0.002877855158203386,0.9557251870710128,Enrolled
0.017842435413843647,0.007197757720303161,0.9749598068658533,Dropout
0.6972101715668998,0.149343178986107,0.15344664944699338,Enrolled
0.4917817997602498,0.46242558455837807,0.045792615681372016,Graduate
0.26273691111901,0.7068029518578577,0.030460137023132265,Graduate
0.009592605149495177,0.981115949514595,0.009291445335909808,Graduate
0.004335756968836791,0.0077088820752723945,0.9879553609558909,Dropout
0.6564755893255396,0.170439483584004,0.17308492709045642,Enrolled
0.03191894170742886,0.9530613539954788,0.015019704297092498,Graduate
0.05740453601910332,0.924353882154909,0.018241581825987493,Graduate
0.0038754914139693336,0.0013843629745561008,0.9947401456114745,Dropout
0.04216399463792077,0.22105347933116948,0.7367825260309098,Dropout
0.07953670449643006,0.003164803612277629,0.9172984918912924,Dropout
0.2382252279640892,0.6848796581737412,0.07689511386216955,Enrolled
0.010897523399656751,0.9808557723257246,0.008246704274618724,Graduate
0.019563767549843562,0.9729198928571813,0.007516339592975037,Graduate
0.527368327526433,0.1460984766284489,0.3265331958451181,Dropout
0.01259620039790476,0.975801526234755,0.011602273367340307,Graduate
0.016611489977313355,0.008997374283719106,0.9743911357389676,Dropout
0.10522650635675718,0.8609121844497052,0.03386130919353759,Graduate
0.08792392946455155,0.8771808780659793,0.03489519246946911,Graduate
0.7086557224719239,0.20279410139061252,0.08855017613746358,Graduate
0.06119154259126467,0.8814776687184799,0.05733078869025527,Graduate
0.026086067490538947,0.9507282585472906,0.023185673962170486,Graduate
0.36377258832462533,0.5710737781445253,0.06515363353084928,Graduate
0.015887825227068043,0.002495723441166431,0.9816164513317656,Dropout
0.007650195047334992,0.9732449030652602,0.019104901887404793,Graduate
0.03553517593993171,0.9586886467664412,0.005776177293627273,Graduate
0.014840963935329726,0.0008177530780171594,0.9843412829866531,Dropout
0.009019175955563107,0.9876842870469968,0.0032965369974400317,Graduate
0.0011984096921267065,0.0005051514307380755,0.9982964388771353,Dropout
0.011190764739394657,0.9756252877912939,0.013183947469311535,Dropout
0.10848667200073905,0.010921160462279589,0.8805921675369813,Dropout
0.8069128117997185,0.07753327801041891,0.11555391018986248,Dropout
0.002942658129026908,0.0007435753280412374,0.9963137665429319,Dropout
0.38276789844214504,0.014327874408516277,0.6029042271493387,Dropout
0.01927417179599422,0.97411763940006,0.006608188803945865,Graduate
0.6889003734419956,0.1658626850043501,0.14523694155365435,Enrolled
0.04280345736564079,0.0035180723032058633,0.9536784703311534,Dropout
0.6777582941721256,0.299335551444195,0.022906154383679513,Enrolled
0.04492325716671121,0.9319906436014093,0.02308609923187951,Graduate
0.23049502622508264,0.7130641295384581,0.05644084423645929,Enrolled
0.04313140290232563,0.9485026932935396,0.008365903804134923,Graduate
0.7284573714797445,0.18076287283682824,0.09077975568342721,Enrolled
0.010874181767059047,0.9141944881171239,0.07493133011581707,Graduate
0.23562995445579907,0.22348061972047892,0.540889425823722,Enrolled
0.5334406723475947,0.37763860293467194,0.0889207247177333,Enrolled
0.1929065065217956,0.4941135243950149,0.3129799690831895,Graduate
0.2906576562817811,0.3096600185887805,0.3996823251294384,Enrolled
0.00708997649211472,0.9744257277356125,0.018484295772272757,Graduate
0.5679212681171928,0.34771293900902245,0.08436579287378482,Enrolled
0.027111287278845424,0.9584488611753416,0.014439851545813157,Graduate
0.11367753412899793,0.7652696978701718,0.12105276800083024,Graduate
0.03235954317930904,0.0019441262644233576,0.9656963305562676,Dropout
0.7173611502358899,0.030066727801254616,0.25257212196285556,Enrolled
0.008838844607423343,0.9844315483538467,0.0067296070387299935,Graduate
0.045461353667382,0.003937146929233692,0.9506014994033843,Enrolled
0.07905845353068275,0.7666640838087886,0.15427746266052855,Dropout
0.0017942659018918609,0.00039236529408363916,0.9978133688040246,Dropout
0.5077912672133297,0.1773178548410834,0.3148908779455868,Enrolled
0.20671868115207254,0.729746727007891,0.06353459184003647,Enrolled
0.3845164814024291,0.4342243938014323,0.18125912479613854,Graduate
0.09469352545256207,0.7741440891021885,0.13116238544524952,Graduate
0.04080717943746661,0.9487607100638167,0.010432110498716623,Graduate
0.00928316045700261,0.9758366836729696,0.014880155870027823,Graduate
0.0038918940346812673,0.004175503539303352,0.9919326024260154,Dropout
0.013465738511039766,0.0011777276393871985,0.9853565338495731,Dropout
0.014872616422084194,0.9559875991341905,0.02913978444372531,Graduate
0.008569584600619094,0.97927538230245,0.01215503309693069,Graduate
0.03037311152717003,0.005426908861106326,0.9641999796117237,Dropout
0.18350635874686946,0.6091905458080478,0.20730309544508282,Enrolled
0.0029412531437117266,0.0008343260609816273,0.9962244207953066,Dropout
0.08234789428354285,0.1649301664335137,0.7527219392829434,Graduate
0.5215776208702134,0.34577701692191987,0.13264536220786674,Enrolled
0.02683528073024319,0.9683395280517493,0.004825191218007441,Graduate
0.00717862389669514,0.004117932079712952,0.9887034440235919,Dropout
0.02984814354492394,0.9575182285389916,0.01263362791608444,Graduate
0.7607508082446337,0.13788157071350665,0.10136762104185962,Enrolled
0.24576356281423517,0.6402921216060993,0.11394431557966547,Graduate
0.02023491353304024,0.9707397491228893,0.00902533734407035,Graduate
0.2245790303616917,0.5690975019888607,0.20632346764944756,Graduate
0.021321434593370103,0.9598387188059826,0.018839846600647376,Graduate
0.03164971634397472,0.007552660677566422,0.9607976229784589,Dropout
0.008803259548580564,0.0033674212547199476,0.9878293191966994,Dropout
0.6909974983509409,0.09632439395297515,0.21267810769608392,Enrolled
0.01472576358031765,0.9741145575759534,0.011159678843728824,Graduate
0.016164646281139235,0.9737053502251171,0.010130003493743696,Graduate
0.06600256617573698,0.9270577371851396,0.006939696639123538,Graduate
0.14648405708395495,0.8154427401665456,0.03807320274949953,Graduate
0.05067738036694425,0.004854819289120026,0.9444678003439356,Dropout
0.005256424827020866,0.9873784751291816,0.007365100043797595,Graduate
0.030968775814334912,0.9518269352421286,0.01720428894353649,Graduate
0.07645608402098461,0.9162939709189987,0.0072499450600166234,Graduate
0.015175376412949032,0.9613946016239223,0.023430021963128583,Graduate
0.08100783919108911,0.8849521111177164,0.03404004969119458,Graduate
0.03977501398515189,0.10405078408937068,0.8561742019254773,Dropout
0.0035956231658213094,0.0013567525013120686,0.9950476243328666,Dropout
0.010964639341612297,0.0028922981200474704,0.9861430625383403,Dropout
0.020863780406013464,0.9659510375760471,0.013185182017939494,Graduate
0.009402804630342387,0.0008392293325267035,0.9897579660371308,Dropout
0.16878301050476668,0.7889013642789051,0.04231562521632828,Graduate
0.20414262057919216,0.751676121820351,0.04418125760045679,Enrolled
0.06529257816805091,0.18371702813970656,0.7509903936922425,Dropout
0.7270551894103996,0.08137059360643825,0.1915742169831622,Enrolled
0.025702943397818603,0.009002287877908587,0.9652947687242728,Dropout
0.07555649945384409,0.891543546861168,0.03289995368498802,Graduate
0.008155178308805152,0.0005834208860742785,0.9912614008051205,Dropout
0.1627263773241614,0.010073008710669948,0.8272006139651685,Dropout
0.015485474577570458,0.9741470426035671,0.010367482818862336,Graduate
0.8400874040653702,0.07091628801199215,0.08899630792263774,Enrolled
0.022007785109607585,0.0038209090957001504,0.9741713057946924,Dropout
0.48060815519186256,0.49271690522383277,0.02667493958430463,Enrolled
0.225155105374345,0.7129596522676263,0.06188524235802883,Graduate
0.0021622873765803573,0.0010277737603494668,0.9968099388630701,Dropout
0.11814795655373224,0.8543171185115983,0.02753492493466951,Graduate
0.01196814688411545,0.9733608764855425,0.014670976630342062,Graduate
0.721901030542646,0.08968961124847658,0.18840935820887744,Enrolled
0.1348411431475966,0.8256774489828157,0.0394814078695877,Enrolled
0.023371547810990767,0.9584806861007141,0.018147766088295065,Graduate
0.6236489369928111,0.24630636878016143,0.13004469422702744,Dropout
0.004934610907277847,0.0006550923757346799,0.9944102967169876,Dropout
0.17845820416174782,0.8016818365401257,0.01985995929812648,Enrolled
0.43396792612577084,0.06662529507562671,0.49940677879860235,Dropout
0.06390229268903659,0.9031315047327686,0.032966202578194895,Graduate
0.12982368237762645,0.5878655212533378,0.28231079636903583,Dropout
0.059260319766746325,0.9312782267943976,0.009461453438856076,Graduate
0.043906306404848786,0.20091869742497395,0.7551749961701772,Enrolled
0.05761621013261729,0.8588742385088152,0.08350955135856754,Graduate
0.007625063248984343,0.9804870522021586,0.011887884548857,Dropout
0.1996206540187084,0.7579394338443968,0.04243991213689484,Graduate
0.6530960297145466,0.007873539776610738,0.3390304305088427,Enrolled
0.0013865123431003323,0.0005704337311450941,0.9980430539257547,Dropout
0.031053128991242726,0.0018422747715667763,0.9671045962371906,Dropout
0.061517283944365446,0.9144301128245859,0.024052603231048547,Graduate
0.013242798746593913,0.9772238603908502,0.009533340862555957,Graduate
0.008410674088782634,0.9678793291343568,0.023709996776860406,Graduate
0.010477280720638268,0.9800499722976548,0.00947274698170675,Graduate
0.15330030963411684,0.46322106504188726,0.38347862532399607,Graduate
0.00978412431762424,0.9842048956061729,0.006010980076202934,Graduate
0.009674643475158824,0.984064804923717,0.006260551601124136,Graduate
0.006050306042071192,0.0020635234782355716,0.9918861704796932,Dropout
0.02383768487825258,0.9446592042760632,0.031503110845684086,Graduate
0.12287930381374328,0.030666286351658,0.8464544098345989,Graduate
0.05991917100678728,0.32036509968081994,0.6197157293123927,Dropout
0.06977685332705928,0.893108516696159,0.03711462997678183,Graduate
0.17865100663514513,0.006499545006558327,0.8148494483582965,Dropout
0.004351939792592269,0.9915281015192683,0.004119958688139433,Graduate
0.09333017260027195,0.8887818524035243,0.01788797499620391,Graduate
0.755291401684531,0.17970196027431612,0.06500663804115281,Graduate
0.012704527425280186,0.9718577475636903,0.015437725011029536,Graduate
0.08489788321782124,0.8759743892308229,0.039127727551355934,Graduate
0.17209117443024094,0.7697985372564736,0.05811028831328545,Graduate
0.3114390501991489,0.5762009971196681,0.11235995268118304,Graduate
0.08185516556230521,0.8967671132626789,0.02137772117501586,Graduate
0.11304691015174778,0.010874431285187055,0.8760786585630651,Dropout
0.08256469214341901,0.844861790355375,0.07257351750120589,Graduate
0.8143895445263188,0.1380032031637308,0.047607252309950394,Enrolled
0.6760582800879424,0.047112559869061,0.27682916004299646,Dropout
0.007434530368026664,0.0032844795787261554,0.9892809900532471,Dropout
0.05257748562450296,0.4527258953644061,0.4946966190110909,Dropout
0.00781449251536217,0.9827265043142415,0.00945900317039643,Dropout
0.07885131168600286,0.8781502349566378,0.04299845335735948,Graduate
0.036493188187708386,0.0035969023349689427,0.9599099094773226,Dropout
0.2881868791514422,0.6980382288514757,0.013774891997082053,Graduate
0.048461675902018775,0.009823341115809237,0.9417149829821719,Dropout
0.0058578012905000495,0.0035704797236034997,0.9905717189858965,Dropout
0.042903285546851765,0.053745489748259885,0.9033512247048883,Dropout
0.009644891012216618,0.0005269573717383517,0.989828151616045,Dropout
0.11317794003854934,0.36926686176479195,0.5175551981966586,Graduate
0.15250659168968972,0.8284486822911575,0.019044726019152795,Graduate
0.25452734810017474,0.6988453103172872,0.04662734158253803,Graduate
0.17897156920078722,0.1992844775937756,0.6217439532054371,Enrolled
0.1751801863005791,0.7141174318916633,0.11070238180775774,Graduate
0.4573584613466281,0.041384584098383456,0.5012569545549884,Dropout
0.44269739221217214,0.38855737493222614,0.16874523285560172,Enrolled
0.4763098818296138,0.46072947602499775,0.06296064214538846,Enrolled
0.08143880418691109,0.002187547710349561,0.9163736481027392,Dropout
0.03365019763936071,0.9473936794889489,0.018956122871690444,Graduate
0.017425739570823523,0.9787672013148142,0.0038070591143623085,Graduate
0.6768472586170227,0.0020363250090314113,0.32111641637394595,Dropout
0.02481229831455057,0.4576687936607071,0.5175189080247422,Graduate
0.005130794440493793,0.0006970246326795917,0.9941721809268267,Dropout
0.31578335486285036,0.6360920758000689,0.04812456933708083,Graduate
0.7131801020298415,0.08365199617318853,0.20316790179697006,Dropout
0.08071320016799077,0.8291092170950979,0.09017758273691141,Graduate
0.0067527724932358,0.0032355149100515047,0.9900117125967126,Dropout
0.05684797903516382,0.002436923459496438,0.9407150975053398,Dropout
0.8972491621919526,0.007461699844191084,0.09528913796385637,Enrolled
0.025528292017635606,0.005481743235834369,0.9689899647465301,Dropout
0.08801573625150544,0.8940318478945676,0.01795241585392703,Dropout
0.8699701640193553,0.011715001688142762,0.11831483429250189,Enrolled
0.017984687955186318,0.006043350446643803,0.9759719615981699,Dropout
0.04672166501122509,0.9073872732868752,0.04589106170189963,Graduate
0.06586858168628804,0.0026266767526499615,0.931504741561062,Enrolled
0.020064724042940074,0.002792081329976675,0.9771431946270832,Dropout
0.7348742862604816,0.06870901076790753,0.196416702971611,Enrolled
0.05096729308779666,0.00876882109586877,0.9402638858163345,Dropout
0.2103313904823187,0.7565564420724835,0.03311216744519772,Graduate
0.013936791404277686,0.9804008875178362,0.005662321077886202,Graduate
0.7357406860290403,0.14494518441937532,0.11931412955158435,Graduate
0.14788159078006316,0.7846508945267426,0.06746751469319423,Graduate
0.34130946029037784,0.4883666800846905,0.1703238596249317,Enrolled
0.00404635760922377,0.0006681585732718594,0.9952854838175043,Dropout
0.019103812373507504,0.9370103196356453,0.04388586799084718,Graduate
0.03131211312005584,0.002491262716710068,0.9661966241632342,Dropout
0.5644431947862139,0.13546373593524272,0.3000930692785434,Dropout
0.10970499415355925,0.0037121150136879043,0.8865828908327528,Enrolled
0.004505891549041531,0.9924760666553264,0.003018041795632009,Graduate
0.2418057164380664,0.7406759145997857,0.017518368962147906,Graduate
0.002918099485735201,0.0010192684062867376,0.9960626321079781,Dropout
0.905847235963587,0.010815303835694548,0.08333746020071858,Enrolled
0.012601054395663228,0.9290933162969912,0.05830562930734544,Graduate
0.004349624468270853,0.0012851294798134647,0.9943652460519156,Dropout
0.2374997171113222,0.6957477951025316,0.06675248778614618,Graduate
0.09872026313996295,0.8831976673503387,0.018082069509698376,Graduate
0.017673751127486325,0.9688207895632307,0.013505459309282935,Graduate
0.6817776068032494,0.015600154791835099,0.3026222384049155,Graduate
0.05015292755412593,0.0033618217225183573,0.9464852507233558,Dropout
0.7367510521658265,0.1578738406659137,0.10537510716825975,Enrolled
0.07883833131112762,0.8974272384697242,0.023734430219148134,Enrolled
0.015873969298252855,0.0013241962632899594,0.9828018344384573,Dropout
0.006412435049138259,0.005230608225321629,0.9883569567255401,Dropout
0.043362705804718626,0.002176260880548959,0.9544610333147324,Dropout
0.09594684542235583,0.7952695260311613,0.1087836285464829,Graduate
0.013596259781827366,0.980549974052836,0.005853766165336897,Graduate
0.12605162080061183,0.853751905080863,0.020196474118525116,Graduate
0.18329149587857468,0.7332996739989636,0.08340883012246166,Graduate
0.025704056280067916,0.9603065156098332,0.013989428110099013,Graduate
0.0663923208348614,0.8890155901784406,0.04459208898669813,Graduate
0.1535665044579855,0.12919321627121544,0.717240279270799,Enrolled
0.03725225416658424,0.007613621034339906,0.9551341247990759,Dropout
0.05199801577292586,0.9024992103745146,0.045502773852559505,Graduate
0.6013665074425448,0.05420837159154305,0.34442512096591227,Enrolled
0.10609971976694967,0.8760011003529804,0.01789917988007002,Graduate
0.004927794011291282,0.9901930261627574,0.004879179825951287,Graduate
0.18694214118040536,0.8011540227827533,0.0119038360368414,Graduate
0.2592150051237966,0.691742189953937,0.04904280492226648,Graduate
0.0029802506304304334,0.0007820668242314739,0.9962376825453381,Dropout
0.07201497775228978,0.8915812895037782,0.036403732743932035,Graduate
0.00823485739877677,0.0011454316977600122,0.9906197109034632,Dropout
0.03276928920887069,0.9448164351448941,0.022414275646235274,Graduate
0.005211643266661726,0.9796963104538571,0.015092046279481082,Dropout
0.038160574214715984,0.014569620963511212,0.9472698048217728,Dropout
0.07601130081212724,0.0035214594430482073,0.9204672397448246,Dropout
0.048897894239287094,0.9195047718123229,0.03159733394838992,Graduate
0.09226578941140774,0.8548340621849462,0.052900148403646235,Graduate
0.015143480851562443,0.006622663509210559,0.978233855639227,Dropout
0.010724910713421259,0.006740472850268695,0.9825346164363101,Dropout
0.1321829413473099,0.8456116244438181,0.022205434208871937,Graduate
0.46769006234433697,0.23840623775051226,0.29390369990515075,Enrolled
0.032118104500438435,0.9530223827525636,0.014859512746998017,Graduate
0.09098763141852319,0.005987587450992539,0.9030247811304843,Dropout
0.01852312601978632,0.9730933551524267,0.008383518827787208,Graduate
0.23130849505404627,0.7430272453936138,0.025664259552340057,Graduate
0.030440529172357775,0.9585196991099257,0.011039771717716479,Graduate
0.028671828591620388,0.006774758463213263,0.9645534129451664,Dropout
0.012948957182562462,0.9742259085649406,0.012825134252496762,Graduate
0.0037435943624112194,0.0026241756805667972,0.993632229957022,Dropout
0.08965204534596094,0.8881648090036954,0.022183145650343773,Graduate
0.3582236563260528,0.5069189935714616,0.13485735010248556,Graduate
0.024924458380463876,0.9615449108232685,0.01353063079626746,Graduate
0.010508970596668896,0.001854507427185648,0.9876365219761454,Dropout
0.791916850118001,0.13657700452907984,0.07150614535291919,Enrolled
0.8625920452819883,0.06209766797066884,0.07531028674734275,Enrolled
0.06664013862965006,0.12193230195264844,0.8114275594177016,Dropout
0.02223965266844944,0.9512366759681913,0.026523671363359393,Graduate
0.35667094481549294,0.6222493464124729,0.021079708772034196,Graduate
0.07001383441914355,0.14571734284832338,0.784268822732533,Dropout
0.003914210000294504,0.0017765691772694706,0.994309220822436,Dropout
0.01327782249170348,0.9827308780189304,0.003991299489366109,Graduate
0.0832622109882556,0.8838551258881325,0.0328826631236119,Graduate
0.22176181386848262,0.5716695736976358,0.20656861243388158,Graduate
0.05271357906182773,0.898473559808525,0.04881286112964728,Graduate
0.0034730119264554937,0.001363098757079511,0.9951638893164649,Dropout
0.008125637118291017,0.9877903139897907,0.004084048891918319,Graduate
0.23984466665933887,0.3529871508904727,0.40716818245018854,Graduate
0.010763405662884733,0.9770364976088086,0.012200096728306721,Graduate
0.09218445752054674,0.869654121342844,0.03816142113660937,Enrolled
0.38656902227986056,0.5880312866742134,0.025399691045926025,Graduate
0.008912876116397985,0.982551315335741,0.008535808547860927,Graduate
0.02398119923251922,0.06668089362846781,0.9093379071390129,Dropout
0.2538053609237459,0.7344003797584604,0.011794259317793772,Enrolled
0.14334577972187335,0.013515999656359813,0.8431382206217669,Enrolled
0.6404287360379206,0.07415929511734962,0.28541196884472986,Graduate
0.8769290435683205,0.02201700664441964,0.10105394978725998,Enrolled
0.33662597368337527,0.01017848920095285,0.6531955371156718,Dropout
0.002477399862167771,0.001887721967254983,0.9956348781705773,Dropout
0.04634128280801684,0.9387969981896541,0.01486171900232907,Graduate
0.03304363864926491,0.003095746277432764,0.9638606150733025,Dropout
0.012314010813383597,0.0006525167836591639,0.9870334724029574,Dropout
0.0866302401755754,0.8983906087360479,0.01497915108837676,Graduate
0.045539150513340045,0.08362113767930435,0.8708397118073555,Dropout
0.014122227483092494,0.9770041637793043,0.008873608737603048,Graduate
0.1442029785443646,0.007405942623704937,0.8483910788319304,Dropout
0.017888178201791904,0.007636014051081499,0.9744758077471267,Dropout
0.058522441485519404,0.9132110693388887,0.02826648917559179,Graduate
0.007180774583711906,0.00563070046798154,0.9871885249483067,Dropout
0.05915474964811658,0.9158195617816629,0.025025688570220556,Graduate
0.08047584361976914,0.03630190113499632,0.8832222552452346,Dropout
0.04634991441572667,0.004197093684332666,0.9494529918999407,Dropout
0.32367166645502204,0.3729282244710746,0.3034001090739034,Graduate
0.0009944314465430565,0.0004745504777372857,0.9985310180757196,Dropout
0.03812480594481364,0.9440491715673235,0.01782602248786275,Dropout
0.015369965509881737,0.002882097126410068,0.9817479373637081,Dropout
0.30401496956275903,0.6034327136338311,0.09255231680340976,Graduate
0.23072987003074621,0.7388763003496239,0.030393829619629747,Dropout
0.032440504357284725,0.002754731588637557,0.9648047640540777,Dropout
0.03644704767906938,0.7461624255239382,0.2173905267969923,Graduate
0.5514705102537341,0.34343890324371934,0.1050905865025467,Graduate
0.12418079431884677,0.8309626851389337,0.04485652054221963,Graduate
0.1489536864006531,0.7527374547513404,0.0983088588480066,Graduate
0.012511757529909729,0.9737062052359244,0.013782037234165814,Graduate
0.605293980603004,0.04951221856389715,0.3451938008330989,Enrolled
0.006078182253376936,0.0005164259341593141,0.9934053918124637,Dropout
