pred_Enrolled,pred_Graduate,pred_Dropout,true
0.013324626243539237,0.0059291808442003095,0.9807461929122605,Dropout
0.2122343088954629,0.7671373393611212,0.02062835174341597,Enrolled
0.3065561615312733,0.6608630692755064,0.03258076919322039,Graduate
0.4642949132010891,0.02910931675982794,0.506595770039083,Dropout
0.013374852220011288,0.9743987152761234,0.012226432503865143,Graduate
0.08408535443342169,0.8989545531284546,0.01696009243812372,Graduate
0.40571703002656245,0.5029336290518944,0.09134934092154322,Enrolled
0.027219202858462885,0.01743759919584398,0.955343197945693,Dropout
0.5481540260314756,0.3750577012484397,0.07678827272008477,Graduate
0.00563335877698139,0.001831033094400673,0.9925356081286179,Dropout
0.04016476299211234,0.026954558780791785,0.9328806782270959,Dropout
0.007031552735268914,0.00804508587341612,0.9849233613913149,Dropout
0.007831506910740966,0.0027729983957779885,0.9893954946934811,Dropout
0.005119741425920154,0.9856868051883858,0.009193453385694002,Graduate
0.11522338973608183,0.828960181628263,0.05581642863565519,Graduate
0.04730431792336787,0.9413444024843125,0.011351279592319666,Graduate
0.04354225707324845,0.9250740399985495,0.03138370292820204,Graduate
0.01702359366354156,0.9687184496270931,0.014257956709365294,Graduate
0.681896602063199,0.17445138100688554,0.1436520169299155,Enrolled
0.512853832119456,0.42928373300060907,0.057862434879934976,Enrolled
0.008375629530275552,0.0019441746109331015,0.9896801958587913,Dropout
0.7600820783866994,0.03243780482829282,0.2074801167850078,Enrolled
0.31095982368810476,0.6724372332613521,0.016602943050543148,Graduate
0.054624178526664485,0.8762613042634787,0.06911451720985684,Graduate
0.8228854129541122,0.08588867299334163,0.09122591405254614,Enrolled
0.13832184996772573,0.001066352398702951,0.8606117976335714,Enrolled
0.2901376926921863,0.01136887442138937,0.6984934328864243,Enrolled
0.0023266877574196925,0.00045682750234116577,0.9972164847402392,Dropout
0.04852039302143762,0.9356173040834296,0.01586230289513298,Graduate
0.11111385170076765,0.8565829866339135,0.03230316166531869,Graduate
0.0065333720063137,0.9909828600347375,0.0024837679589489402,Graduate
0.3158418556029389,0.6215924577442089,0.06256568665285214,Graduate
0.3073389651685409,0.6363828213500714,0.05627821348138781,Graduate
0.6368107093326282,0.03535752846283411,0.32783176220453764,Enrolled
0.004060546436776168,0.988948359748728,0.006991093814495709,Graduate
0.06396646722370156,0.9174128929408242,0.018620639835474264,Graduate
0.18548793558066515,0.7067405827046053,0.10777148171472951,Enrolled
0.4557388616088017,0.020755080127817682,0.5235060582633805,Dropout
0.1826698272664572,0.7511355040422758,0.06619466869126685,Enrolled
0.06091568393919234,0.0021713572619001874,0.9369129587989076,Dropout
0.042444176990456925,0.0026527866137585504,0.9549030363957846,Dropout
0.46987185254457275,0.4551046621692434,0.07502348528618394,Enrolled
0.0004278026875700544,0.00020396866461509862,0.9993682286478149,Dropout
0.6072776737571346,0.28104508205693324,0.1116772441859321,Dropout
0.24564548030224448,0.627764497188042,0.12659002250971366,Enrolled
0.04273030889505205,0.9469547858241807,0.010314905280767174,Graduate
0.554785610746447,0.3343253373829922,0.11088905187056068,Graduate
0.014024079420258715,0.9745663456576327,0.011409574922108397,Graduate
0.015347345595264107,0.004940081271305626,0.9797125731334304,Dropout
0.5378968682516034,0.3706292551881502,0.09147387656024637,Graduate
0.014527655937294978,0.002668545822717951,0.982803798239987,Dropout
0.026475856043266893,0.44144898078162204,0.5320751631751112,Graduate
0.1806456340795747,0.6967129858615405,0.1226413800588848,Graduate
0.07942774172033161,0.6752711175561288,0.24530114072353976,Graduate
0.4785964210671957,0.01838223379046227,0.5030213451423421,Enrolled
0.026034630821302484,0.9664451722140949,0.00752019696460269,Graduate
0.9477236126879994,0.009645622382568497,0.042630764929432075,Enrolled
0.05309619238304695,0.7900256325602462,0.1568781750567069,Graduate
0.043727841962028696,0.9477963645185224,0.008475793519448719,Graduate
0.04803722712669235,0.9281321482452992,0.023830624628008463,Graduate
0.06952941697013051,0.884879036244802,0.04559154678506753,Graduate
0.1882236502984439,0.7269350702015832,0.08484127949997297,Enrolled
0.4387501433044948,0.4322293908667246,0.12902046582878052,Dropout
0.0649683017071765,0.9170706270087586,0.017961071284064867,Graduate
0.001181184882957545,0.0015239279970478165,0.9972948871199947,Dropout
0.7022831552427242,0.007369112949380486,0.29034773180789536,Enrolled
0.06881379771322756,0.012704911463039892,0.9184812908237325,Dropout
0.7143323976481811,0.020236963436878055,0.2654306389149409,Dropout
0.808792304846878,0.04927925178832201,0.1419284433648001,Enrolled
0.3952265621685172,0.0029373924058244297,0.6018360454256584,Dropout
0.08269647017368738,0.8876275673747626,0.029675962451549964,Graduate
0.0030771889454245705,0.0002199296841634637,0.996702881370412,Dropout
0.7172660515014677,0.007168708623635266,0.27556523987489695,Enrolled
0.039793876679629143,0.8989842546507119,0.06122186866965907,Dropout
0.1080291837778108,0.00717212840985526,0.884798687812334,Dropout
0.27998230525192835,0.04098649595204127,0.6790311987960302,Enrolled
0.008292111670871865,0.9857821879174851,0.005925700411643064,Graduate
0.631359250922882,0.2222736195400513,0.14636712953706663,Dropout
0.011542579041618335,0.9834189300377065,0.005038490920675119,Graduate
0.5042422164018372,0.2778528036920735,0.21790497990608937,Enrolled
0.01173552097581722,0.013311803705082998,0.9749526753190997,Dropout
0.06659287132244171,0.8991714215637887,0.03423570711376953,Graduate
0.7048961957178197,0.00568730279547847,0.28941650148670184,Dropout
0.06221050549557863,0.012256991036611915,0.9255325034678094,Dropout
0.05964290707340173,0.9216916538534937,0.018665439073104483,Graduate
0.03405081241903892,0.935011371095648,0.030937816485313133,Graduate
0.01243346635477128,0.9733652839493306,0.014201249695898024,Graduate
0.1061255440529184,0.8820692958584404,0.01180516008864127,Graduate
0.0014132667027900185,0.978053377227318,0.020533356069892057,Graduate
0.007400736213015487,0.978283290694441,0.014315973092543463,Graduate
0.0029575353509508984,0.9877784661835918,0.009263998465457172,Graduate
0.05200942722326124,0.8527256828469592,0.09526488992977969,Graduate
0.10442385201279653,0.8867727023139303,0.008803445673273139,Graduate
0.18029799245443084,0.7611995684587843,0.0585024390867849,Graduate
0.1436124316581296,0.0012700095382507613,0.8551175588036196,Dropout
0.0441494326161266,0.9429466969049023,0.012903870478971277,Graduate
0.05617414877704214,0.8976940662018188,0.04613178502113899,Graduate
0.003218982140941644,0.000533418885454998,0.9962475989736034,Dropout
0.4663664818624976,0.4060858224324654,0.12754769570503696,Enrolled
0.019544225251348194,0.965930591455057,0.014525183293594672,Graduate
0.1230746608486352,0.023410431541579416,0.8535149076097854,Dropout
0.014314377650999409,0.0058217506189012355,0.9798638717300994,Dropout
0.26114999381363885,0.7138422449343085,0.02500776125205267,Graduate
0.7674636087103285,0.1612565629150885,0.0712798283745832,Enrolled
0.008690693417561283,0.9825932283544113,0.008716078228027415,Graduate
0.6064497871305011,0.21004451294515938,0.18350569992433952,Enrolled
0.0011218200180546764,0.0010542804972582221,0.9978238994846872,Dropout
0.003713086297462548,3.4476727287442056e-05,0.9962524369752501,Dropout
0.08829394710122754,0.8653326010676866,0.04637345183108578,Graduate
0.39801987385846177,0.0432214765407283,0.5587586496008099,Enrolled
0.013306732293822485,0.9849945858371808,0.001698681868996794,Graduate
0.1571219728943133,0.00502367628907613,0.8378543508166106,Dropout
0.0315727745090127,0.955656090583975,0.012771134907012401,Graduate
0.35579540442370017,0.5490945561064522,0.09511003946984761,Enrolled
0.0031925858508499963,0.002027470473234613,0.9947799436759154,Dropout
0.051955001293214724,0.057847612190110385,0.8901973865166749,Dropout
0.008164688961995485,0.0005933660562057333,0.9912419449817987,Dropout
0.010979070626864549,0.9836050555717216,0.005415873801413663,Graduate
0.0005124206494800322,0.00033427658816701287,0.9991533027623529,Dropout
0.15754492400897038,0.0537384444069579,0.7887166315840717,Dropout
0.20013976958398266,0.742506718529718,0.05735351188629953,Graduate
0.023701324891320128,0.9573192253472548,0.0189794497614251,Graduate
0.05591224614098845,0.9127227867930708,0.03136496706594075,Graduate
0.0009794332434034088,0.0017981149894468625,0.9972224517671497,Dropout
0.03033017527563628,0.9596166842623397,0.010053140462023914,Graduate
0.00127958338873279,0.0011246969760119437,0.9975957196352552,Dropout
0.1856208641785626,0.7287948654804015,0.08558427034103583,Graduate
0.04352278618503371,0.9482080346237621,0.008269179191204257,Graduate
0.2830943512436787,0.0065514160583486376,0.7103542326979727,Dropout
0.7212560136930926,0.04988999293207393,0.22885399337483345,Enrolled
0.022313277463890845,0.9656857689182314,0.012000953617877693,Graduate
0.10771409800768374,0.8674734228448497,0.024812479147466548,Graduate
0.6964872365523438,0.24367613274409416,0.05983663070356215,Enrolled
0.004144231339194366,0.007016256014299405,0.9888395126465063,Dropout
0.032790535410296424,0.953420570735277,0.013788893854426621,Graduate
0.6121233903116207,0.35215654698032767,0.0357200627080516,Graduate
0.03041444071183795,0.9323571716727597,0.03722838761540243,Graduate
0.009071371029065743,0.0019496372588628458,0.9889789917120715,Dropout
0.5327992263572866,0.0034210839423917095,0.4637796897003217,Dropout
0.11454106439710678,0.008312221088085495,0.8771467145148077,Enrolled
0.3253056723687739,0.5957393680053973,0.0789549596258289,Graduate
0.08986025952923683,0.004981926480519995,0.9051578139902431,Dropout
0.012039204923773413,0.9821888486335205,0.005771946442706059,Graduate
0.8501401124513476,0.030277729602453122,0.11958215794619924,Enrolled
0.02222913160276268,0.971820104516463,0.0059507638807745145,Graduate
0.025501760810313436,0.004022639608173313,0.9704755995815133,Dropout
0.002342084537788546,0.0013352146579271164,0.9963227008042843,Dropout
0.0871548444298142,0.0034530421077503233,0.9093921134624355,Dropout
0.003834209745891056,0.00042049676983902556,0.99574529348427,Dropout
0.3838311476492559,0.0023719457374666952,0.6137969066132775,Enrolled
0.022873438767195612,0.963224699987471,0.013901861245333396,Graduate
0.09027129879324844,0.8925161821505462,0.01721251905620533,Graduate
0.009400304096681376,0.00318082942485931,0.9874188664784592,Dropout
0.004774819461729736,0.9893987468923269,0.005826433645943373,Graduate
0.01760071099419676,0.9546416395431365,0.027757649462666765,Graduate
0.6418164544074748,0.009986831130361327,0.3481967144621639,Dropout
0.001929501687973799,0.0023743561954450002,0.9956961421165813,Dropout
0.3000799435991968,0.665622971780461,0.03429708462034208,Graduate
0.17218106278444018,0.04585300735646122,0.7819659298590986,Dropout
0.005747627771505051,0.00017513830669745566,0.9940772339217976,Dropout
0.6812197340457001,0.24253602460866536,0.07624424134563454,Enrolled
0.06792716024891385,0.8248059538097159,0.10726688594137018,Graduate
0.553995502369078,0.17203397489368888,0.2739705227372331,Enrolled
0.04950452190350121,0.0013004245497769218,0.949195053546722,Dropout
0.03971478914450139,0.9449395644543129,0.015345646401185657,Graduate
0.10496304950269687,0.835842610392907,0.059194340104396156,Graduate
0.5734555587861826,0.33551286143754555,0.0910315797762719,Dropout
0.008004157299710298,0.0038189629341610545,0.9881768797661287,Dropout
0.12997598449132972,0.014125828809808554,0.8558981866988616,Dropout
0.010591099496908904,0.005216618261043676,0.9841922822420475,Dropout
0.7264153672531689,0.09573424534975757,0.17785038739707346,Dropout
0.22311896221158437,0.6876037446856774,0.08927729310273831,Enrolled
0.06677184298627292,0.24590255210689088,0.6873256049068361,Dropout
0.06285278340677977,0.9182406284497832,0.018906588143437045,Graduate
0.6566970721123888,0.021276232700589755,0.3220266951870215,Enrolled
0.12368091911049695,0.0344741407568056,0.8418449401326975,Dropout
0.7327135474683111,0.017753057640139517,0.24953339489154944,Enrolled
0.022352331153975613,0.9326851794910644,0.04496248935495991,Graduate
0.5114236938620356,0.2910041092342271,0.1975721969037373,Enrolled
0.005806451773378394,0.00010026071507836675,0.9940932875115434,Dropout
0.013435107061188613,0.968527966706589,0.0180369262322223,Graduate
0.384351101914394,0.5984097241276585,0.017239173957947586,Graduate
0.017983697353799934,0.0022749652782138815,0.9797413373679862,Dropout
0.10810698726993524,0.87655097510485,0.01534203762521466,Graduate
0.014997038691599582,0.9575423682464259,0.027460593061974473,Graduate
0.11910680767716533,0.0011399671693715166,0.8797532251534631,Dropout
0.006702113407410836,0.0006475423611575947,0.9926503442314316,Dropout
0.07532703388737769,0.8871690565819889,0.037503909530633386,Dropout
0.3705903346375183,0.003931536115069871,0.6254781292474119,Enrolled
0.1558581548419024,0.7436202730855203,0.10052157207257718,Enrolled
0.004736037784452931,0.0015255446524798572,0.9937384175630671,Dropout
0.29668475288767077,0.6770363628688184,0.026278884243510794,Enrolled
0.014423569943355512,0.006250081879638162,0.9793263481770064,Dropout
0.006414624203934535,0.003204252348612702,0.9903811234474529,Dropout
0.011758831988069311,0.9848278492279854,0.003413318783945147,Graduate
0.01534070091549374,0.9721303475059675,0.012528951578538845,Graduate
0.2698925600213216,0.6778341964023494,0.05227324357632885,Graduate
0.03430934123391898,0.9355296374307013,0.030161021335379633,Graduate
0.0182289672957105,0.00864392259856985,0.9731271101057196,Dropout
0.0063375740509073065,0.0019794609611638796,0.9916829649879288,Dropout
0.46559673918605876,0.40886630874824736,0.12553695206569387,Enrolled
0.7867137317110008,0.1582642268644032,0.055022041424596095,Enrolled
0.3499536509929029,0.5628699386638353,0.08717641034326176,Graduate
0.00033528286602108384,0.000766232967788502,0.9988984841661905,Dropout
0.5540581544538525,0.32602233602449265,0.11991950952165467,Dropout
0.003904564185786501,0.9921055235122164,0.003989912301997139,Graduate
0.028290650088353478,0.9457674635523466,0.02594188635930004,Graduate
0.000654125517012904,0.012325783258506952,0.9870200912244801,Dropout
0.005708203676065124,0.0019674804134597007,0.9923243159104753,Dropout
0.014015597593972714,0.9798814633491414,0.006102939056885771,Graduate
0.027057664137396943,0.0036297870871864722,0.9693125487754165,Dropout
0.019837448685737235,0.9728133628095083,0.007349188504754519,Graduate
0.4900906227150833,0.47462907779034025,0.03528029949457652,Enrolled
0.033984828996399846,0.9525438078428085,0.0134713631607917,Graduate
0.000636767155736173,0.0006347527384831576,0.9987284801057806,Dropout
0.011035354071128718,0.956172864467497,0.03279178146137434,Graduate
0.021156304943148744,0.9730088671875983,0.005834827869252937,Graduate
0.0026406492679057645,0.0005036009138076598,0.9968557498182866,Dropout
0.0008721009769379699,0.0008309294971737073,0.9982969695258883,Dropout
0.765383828210537,0.07842914997064314,0.15618702181882,Enrolled
0.017542492296504314,0.004048557728803986,0.9784089499746916,Dropout
0.2249878426573512,0.7125075812990361,0.06250457604361263,Graduate
0.4458541592105045,0.4555943124112513,0.09855152837824424,Graduate
0.3755129915864014,0.6072109447429892,0.017276063670609416,Enrolled
0.027892914532099883,0.889523493284463,0.08258359218343704,Graduate
0.6894176843607309,0.20986337592059698,0.10071893971867212,Enrolled
0.0006972119990109694,0.00024085292701001194,0.9990619350739789,Dropout
0.0034680148261382942,0.0004560200304495005,0.9960759651434123,Dropout
0.014937378396104359,0.9711413620393967,0.013921259564498755,Graduate
0.11271898846415289,0.359451889446362,0.527829122089485,Graduate
0.06324423945659752,0.0019183201979833654,0.934837440345419,Dropout
0.016333075978474616,0.9781182651950401,0.005548658826485552,Graduate
0.016630210456087587,0.9718989831333533,0.011470806410559082,Graduate
0.16463071233988835,0.04219476602072142,0.7931745216393903,Dropout
0.7754210080114026,0.1373464315886432,0.08723256039995436,Enrolled
0.005860760984096434,0.9824713801313387,0.011667858884564794,Graduate
0.8087030024955214,0.0807600529198851,0.1105369445845935,Dropout
0.051028921070336596,0.006860270828069623,0.9421108081015938,Dropout
0.36919745433208584,0.4816717669292354,0.1491307787386788,Enrolled
0.042009280885161704,0.007558467684071716,0.9504322514307666,Dropout
0.07518826580749906,0.8978713647868758,0.026940369405625175,Graduate
0.014325612513208193,0.9820732982357084,0.003601089251083403,Graduate
0.01143178476341878,0.005081294947154931,0.9834869202894263,Dropout
0.5134952282078153,0.41937424302876253,0.06713052876342224,Graduate
0.012821724731839004,0.1151575690547229,0.8720207062134381,Dropout
0.7664766625057856,0.15797952544738494,0.0755438120468296,Enrolled
0.0017812588328608183,0.0006553291999140163,0.9975634119672253,Dropout
0.04270581164360945,0.9427739317839393,0.014520256572451293,Graduate
0.030945983304183976,0.9629889090824545,0.006065107613361504,Enrolled
0.0578663738739215,0.9168960868846158,0.02523753924146277,Graduate
0.07864722593819247,0.9021540835610515,0.019198690500756146,Graduate
0.45857972639647465,0.46355749143251646,0.07786278217100888,Enrolled
0.0024287726204243335,0.0001971796522158657,0.9973740477273598,Dropout
0.8939210528709226,0.039360186460395054,0.06671876066868239,Enrolled
0.5061500550015802,0.41558810984722905,0.0782618351511908,Graduate
0.17516450479402457,0.7691232968258613,0.05571219838011393,Enrolled
0.082812170964867,0.8489562120405656,0.06823161699456745,Graduate
0.5343792344422499,0.10879427518975637,0.35682649036799374,Enrolled
0.7537414815014467,0.18462679397261367,0.061631724525939624,Enrolled
0.29462833806889227,0.5873951369129808,0.11797652501812687,Graduate
0.008713634054109387,0.9700492203220349,0.021237145623855803,Graduate
0.22448423546627805,0.3065522096232842,0.4689635549104378,Enrolled
0.0035762644982681295,0.00011513304654857146,0.9963086024551833,Dropout
0.10695786334267322,0.8706988192082418,0.02234331744908504,Graduate
0.027009349821171716,0.9618856276004081,0.011105022578420288,Graduate
0.01084290133414616,0.0029881443829810135,0.9861689542828728,Dropout
0.053021108222040154,0.9312742294863318,0.015704662291628146,Graduate
0.2654720684655733,0.6607978082531859,0.07373012328124087,Graduate
0.012364022215821852,0.9821236893734648,0.005512288410713562,Graduate
0.25925753045507755,0.6541298387513012,0.08661263079362128,Graduate
0.016755211711568917,0.9148950603679632,0.06834972792046799,Graduate
0.02146149822565236,0.9658016352306397,0.012736866543708035,Graduate
0.668391214167734,0.2938160807025264,0.037792705129739645,Enrolled
0.03686319006351407,0.9502843498437399,0.012852460092746073,Graduate
0.001763493249581226,0.0012930655114405162,0.9969434412389782,Dropout
0.005926324751734659,0.000403515789485763,0.9936701594587796,Dropout
0.3656508518141208,0.032814823969391796,0.6015343242164874,Enrolled
0.048836570119627436,0.9276721292588186,0.023491300621554013,Graduate
0.6136380107272663,0.338658184756644,0.04770380451608966,Enrolled
0.05780174000975538,0.8811884371598055,0.06100982283043916,Graduate
0.12140052268043529,0.8291720345653664,0.04942744275419834,Graduate
0.2744701205464256,0.7073819430739584,0.018147936379615873,Enrolled
0.6072901550591792,0.1293376667125123,0.26337217822830855,Dropout
0.008824684899070992,0.007982730761105996,0.9831925843398229,Dropout
0.06667709168057726,0.9178833777045428,0.015439530614879874,Graduate
0.6677010311121819,0.25597715202804544,0.07632181685977253,Graduate
0.034970061464013866,0.9464687667562681,0.018561171779717982,Graduate
0.21212429254445966,0.003328568315007652,0.7845471391405328,Enrolled
0.008865777188351638,0.0025467801478115844,0.9885874426638368,Dropout
0.1664598544203975,0.7629162463689624,0.07062389921064016,Graduate
0.014231806895393455,0.9637090712995381,0.0220591218050685,Graduate
0.06335206003640402,0.8877084777187372,0.04893946224485891,Graduate
0.01746924205077945,0.002378155221158874,0.9801526027280617,Dropout
0.41491523777489925,0.014570411021920361,0.5705143512031804,Graduate
0.6588513906480226,0.008915873427405428,0.332232735924572,Enrolled
0.016729837618547346,0.9777952334130059,0.005474928968446828,Graduate
0.04936051025970062,0.9238693133530745,0.02677017638722484,Graduate
0.22267305961377729,0.7371663980171898,0.04016054236903309,Graduate
0.06378307492629827,0.006306416660012902,0.9299105084136889,Dropout
0.13641549745389112,0.0016233935706329243,0.861961108975476,Dropout
0.7663149856984554,0.05633198792259776,0.17735302637894695,Graduate
0.31281704459635623,0.5579207773252357,0.12926217807840812,Graduate
0.058757302228708216,0.9224848677822158,0.01875782998907577,Graduate
0.03814813918479443,0.03824133017187754,0.9236105306433281,Dropout
0.15577289862564372,0.8080766595679562,0.03615044180640004,Enrolled
0.003130410325883702,0.00018363590345912088,0.9966859537706573,Dropout
0.07161902732723154,0.8664848947730619,0.06189607789970676,Graduate
0.008893392451162167,0.00025378743318443857,0.9908528201156535,Dropout
0.07336294559402028,0.0034726169827772727,0.9231644374232025,Dropout
0.1113868648195255,0.20484496776349218,0.6837681674169822,Dropout
0.05403421270972116,0.006098306509164565,0.9398674807811142,Dropout
0.19444512370272196,0.7394265453952877,0.06612833090199033,Graduate
0.09080213196068922,0.8705525397693292,0.03864532826998156,Graduate
0.2742468937503091,0.6589895887402147,0.0667635175094761,Graduate
0.036070923287862974,0.002399504360900663,0.9615295723512365,Dropout
0.03104959806615626,0.94920874207324,0.01974165986060379,Graduate
0.07166239996582971,0.8959914806468494,0.03234611938732084,Graduate
0.6563469347168258,0.005988935329050583,0.33766412995412365,Enrolled
0.39804573415833444,0.46722507958599296,0.13472918625567268,Graduate
0.008553993543846231,0.004876775905029269,0.9865692305511246,Dropout
0.0028997141994213205,0.0001514179235101767,0.9969488678770685,Dropout
0.1621283037504149,0.6744979087180063,0.16337378753157877,Graduate
0.1289567136951877,0.8537286424614663,0.017314643843345884,Graduate
0.2427578233865433,0.45130639340572726,0.30593578320772935,Graduate
0.0403505527357014,0.9470923392550621,0.012557108009236468,Graduate
0.660785796248012,0.024643438795620115,0.31457076495636793,Enrolled
0.10136308816739475,0.879683434891482,0.018953476941123124,Graduate
0.020011971983461618,0.9703656920628292,0.009622335953709277,Enrolled
0.3612889686997055,0.08157775725157651,0.557133274048718,Dropout
0.2861172136676165,0.6527223734151594,0.061160412917224065,Graduate
0.14312058161174138,0.8368521518470017,0.020027266541257,Graduate
0.0032545821842452174,0.0001594522860607318,0.996585965529694,Dropout
0.4125310597340928,0.37165476072938475,0.21581417953652243,Enrolled
0.00957636089706403,0.9636801074278395,0.026743531675096556,Graduate
0.010585263428460051,0.004736155947493928,0.984678580624046,Dropout
0.4866463184241116,0.24187406819967674,0.2714796133762117,Graduate
0.06292461245932203,0.9077545300698662,0.0293208574708119,Graduate
0.09698573345186773,0.8886714956017729,0.014342770946359475,Graduate
0.004964754831678982,0.0012814752120640306,0.9937537699562569,Dropout
0.006884555955208739,0.9790380172388482,0.01407742680594292,Graduate
0.01580533979719464,0.9626301844518617,0.021564475750943515,Graduate
0.05955856421753052,0.00409196877363194,0.9363494670088375,Dropout
0.09649651267347222,0.8807792332051172,0.022724254121410627,Graduate
0.04994983108575086,0.927702326677721,0.022347842236528085,Graduate
0.09408519741572437,0.001445306367416508,0.9044694962168591,Dropout
0.7269197825540223,0.01188089502848622,0.26119932241749155,Enrolled
0.3934073921135792,0.5444475858921152,0.06214502199430565,Graduate
0.10050733928601881,0.8762990306976349,0.023193630016346257,Graduate
0.2571892243777009,0.05769054507450893,0.6851202305477901,Graduate
0.060516238096073274,0.8279166873477568,0.11156707455616993,Dropout
0.012917533553359948,0.9682480245129843,0.01883444193365575,Graduate
0.8340447643286634,0.05464413506281825,0.11131110060851832,Dropout
0.025614009503988764,0.9642744576798942,0.010111532816117208,Graduate
0.005687948065020175,0.0001757189289932842,0.9941363330059865,Dropout
0.1844208983111859,0.42219515765012366,0.39338394403869054,Dropout
0.8593514679770715,0.06766284359168795,0.07298568843124054,Enrolled
0.6712618993380296,0.2084256600562557,0.12031244060571479,Graduate
0.009568357179795137,0.0032277707188772416,0.9872038721013275,Dropout
0.604223171366662,0.2218015355003863,0.17397529313295168,Enrolled
0.3843329359518127,0.5438104867256626,0.07185657732252476,Enrolled
0.1713275038102619,0.8098664973881365,0.01880599880160167,Graduate
0.02525434170925251,0.9614868779049575,0.013258780385790118,Graduate
0.7294942223476508,0.2185769072012412,0.05192887045110805,Enrolled
0.1438828596251029,0.0069019337888232505,0.8492152065860739,Dropout
0.15661613175510775,0.10763283530364573,0.7357510329412466,Dropout
0.1669576570707048,0.796753846503333,0.036288496425962116,Graduate
0.4446713853324626,0.5139238300279821,0.04140478463955534,Enrolled
0.07440889584102468,0.8990705283933372,0.02652057576563805,Graduate
0.16912636284822188,0.7589008339276675,0.07197280322411066,Graduate
0.08735395599073872,0.8958776368432864,0.016768407165974695,Graduate
0.013934195927737437,0.02205870526798919,0.9640070988042735,Dropout
0.007120407313612768,0.006140220804926689,0.9867393718814605,Dropout
0.014950428482436795,0.0025361173926190255,0.9825134541249442,Dropout
0.010777354320269961,0.9814965576374834,0.007726088042246621,Graduate
0.023256758964425864,0.9370693408624645,0.03967390017310978,Graduate
0.006885447235437318,0.0014726867471980094,0.9916418660173646,Dropout
0.5883653585252615,0.016720541246201537,0.39491410022853685,Enrolled
0.6679685794846443,0.1456696838684348,0.18636173664692093,Enrolled
0.0012844653449903423,0.0018678534908669103,0.9968476811641428,Dropout
0.588948278646428,0.15038970895363823,0.2606620123999338,Enrolled
0.3460923777215878,0.2769528666155716,0.37695475566284053,Graduate
0.011416857301387945,0.9775834364782905,0.010999706220321613,Graduate
0.1073030446534559,0.002768167136568845,0.8899287882099752,Dropout
0.025368475703313586,0.945402519022298,0.029229005274388375,Graduate
0.7340199552774678,0.23371388071004054,0.03226616401249166,Enrolled
0.06801780998022673,0.9097509385425295,0.02223125147724378,Graduate
0.6467814485696718,0.21966543545114914,0.133553115979179,Enrolled
0.13490741406823856,0.8399033570315633,0.0251892289001982,Graduate
0.07858463442211946,0.9053946527646287,0.01602071281325179,Graduate
0.480079845656459,0.08037582112057223,0.4395443332229688,Enrolled
0.47260812045463424,0.469296193624381,0.05809568592098465,Enrolled
0.002088419976675812,0.0004740047466754323,0.9974375752766488,Dropout
0.09000518029392124,0.0137587271570247,0.8962360925490541,Dropout
0.019872239344567066,0.0005755470091128883,0.9795522136463201,Dropout
0.037890791816448166,0.924785589102566,0.03732361908098593,Graduate
0.0296388153794727,0.9505455674316315,0.019815617188895636,Graduate
0.35497858960947204,0.49495710730264236,0.15006430308788565,Graduate
0.18715290616928107,0.7426196472815985,0.0702274465491204,Graduate
0.11843464845375509,0.8508064970620147,0.03075885448423032,Enrolled
0.007167331405595942,0.9883492756013806,0.0044833929930233225,Graduate
0.005312520547966749,0.00021397480623519915,0.9944735046457981,Dropout
0.2673369690965102,0.7136414798962744,0.01902155100721547,Enrolled
0.005452805504593352,0.9888282147369309,0.005718979758475641,Graduate
0.0036610686475180895,0.0030834740305298834,0.9932554573219521,Dropout
0.016869589900950728,0.9761375323509098,0.006992877748139436,Graduate
0.013175799545402813,0.9824775343631933,0.004346666091403862,Graduate
0.7868711707398761,0.04944724008184903,0.16368158917827488,Enrolled
0.014003272120998516,0.006212004194799012,0.9797847236842024,Dropout
0.4278932659989503,0.35750374630497855,0.21460298769607117,Dropout
0.02131806875445875,0.9669772823395458,0.011704648905995343,Graduate
0.0427360111175026,0.9420431958998061,0.015220792982691333,Graduate
0.03619554598990879,0.9380923682944162,0.025712085715675046,Graduate
0.5386381948127098,0.324419580672118,0.13694222451517216,Graduate
0.011462337817093708,0.010042243170251255,0.978495419012655,Dropout
0.26383465802808376,0.013032053737906833,0.7231332882340095,Dropout
0.030857614388676614,0.005770649781754192,0.9633717358295691,Dropout
0.011519180289505396,0.0053178855435949,0.9831629341668997,Dropout
0.7025805525543088,0.12495857832794154,0.17246086911774966,Graduate
0.19249862847068888,0.621775731251579,0.18572564027773203,Dropout
0.004576445102046295,0.002352375739990482,0.9930711791579633,Dropout
0.15165542588545147,0.8061991402623733,0.04214543385217519,Graduate
0.007063586827584966,0.0010583102956834268,0.9918781028767316,Dropout
0.08000814028284332,0.8876229720767504,0.032368887640406185,Graduate
0.30505016062046963,0.5676455799757396,0.12730425940379067,Enrolled
0.5419487227824464,0.41270350016926355,0.04534777704829001,Graduate
0.8016441447708065,0.14562827682640755,0.05272757840278591,Graduate
0.34806808320840477,0.6154154958274475,0.036516420964147756,Graduate
0.10377020590399302,0.8856301933087439,0.01059960078726304,Graduate
0.08726826755663271,0.9055381146306223,0.007193617812744835,Graduate
0.0062665967117106315,0.00613022017447121,0.9876031831138182,Dropout
0.007977413753509924,0.0012582735058491628,0.9907643127406409,Dropout
0.004634246406904001,0.0004904718644930347,0.9948752817286028,Dropout
0.01246391299211399,0.979031859157215,0.008504227850670985,Graduate
0.08041472378136698,0.8802596754028816,0.03932560081575131,Graduate
0.004080282941481733,0.000651677952850343,0.9952680391056679,Dropout
0.37505500383393553,0.5448612536449045,0.08008374252116003,Graduate
0.7842052725756395,0.1753867581960932,0.040407969228267254,Enrolled
0.018894170128215922,0.011748829121176743,0.9693570007506074,Dropout
0.027645773503178275,0.954373988728593,0.017980237768228612,Graduate
0.05066314703117927,0.2198810966648307,0.7294557563039901,Dropout
0.12129778051798898,0.0007904076041609558,0.8779118118778501,Dropout
0.48720518112957456,0.3855160441225224,0.12727877474790297,Dropout
0.18262873770172872,0.7682551111170269,0.04911615118124436,Dropout
0.9003173823743027,0.09171415152722624,0.007968466098471013,Enrolled
0.7958729099071475,0.06945907983664175,0.13466801025621078,Enrolled
0.6737094825927541,0.0016893837904820139,0.32460113361676385,Dropout
0.28184034149382237,0.5978474059442899,0.12031225256188775,Graduate
0.5188622317270782,0.02173627377992597,0.45940149449299583,Enrolled
0.3372544026062532,0.5667420412293647,0.0960035561643821,Graduate
0.03177262285762007,0.9451664323810134,0.02306094476136655,Graduate
0.49210185317233507,0.39325866180500546,0.11463948502265954,Enrolled
0.003314707266677317,0.0004795413891109067,0.9962057513442119,Dropout
0.3875657839213794,0.528410364800998,0.08402385127762266,Enrolled
0.1193861493718401,0.8298735845705264,0.05074026605763355,Graduate
0.5926951797263551,0.24551870640770979,0.1617861138659351,Graduate
0.03904140426639606,0.9497456084656206,0.011212987267983263,Graduate
0.5539730827774858,0.36463207564269207,0.08139484157982206,Enrolled
0.4377712374302607,0.5083002991497031,0.053928463420036245,Graduate
0.1487212098026195,0.03816293060489722,0.8131158595924833,Dropout
0.8070015220108339,0.030770135525765494,0.16222834246340068,Enrolled
0.7206530793822914,0.09511767147311014,0.18422924914459843,Enrolled
0.007811843079664229,0.000667637540111756,0.991520519380224,Dropout
0.02904626249189464,0.9588173068046889,0.012136430703416379,Dropout
0.032235742647153745,0.9604017151125274,0.0073625422403189806,Graduate
0.016939075494060322,0.0008095973967894499,0.9822513271091503,Dropout
0.4206854961955779,0.506406766284157,0.07290773752026496,Graduate
0.007855762595999074,0.9856919603370967,0.006452277066904292,Graduate
0.10566110803595453,0.006960693530357727,0.8873781984336877,Dropout
0.0767306231664093,0.8872942000411308,0.03597517679245989,Graduate
0.7342510287253593,0.1965848001165763,0.06916417115806439,Enrolled
0.010174174375511612,0.9799764171347839,0.009849408489704413,Graduate
0.027138805708396996,0.9611447169357756,0.011716477355827521,Graduate
0.05784110948892866,0.8842181744575722,0.057940716053499215,Enrolled
0.02362984474844833,0.9688025182517771,0.007567636999774695,Graduate
0.08540570843335003,0.9005930333588548,0.01400125820779531,Graduate
0.11383032052280734,0.7300087505415292,0.15616092893566338,Graduate
0.034997911210483235,0.9506291289978438,0.014372959791672971,Graduate
0.787046006132128,0.1638439720785324,0.049110021789339604,Graduate
0.10533726416076174,0.0040264286252585735,0.8906363072139797,Dropout
0.18152071201620382,0.7680183783945935,0.05046090958920267,Graduate
0.02210527907487323,0.9653504372797361,0.01254428364539055,Graduate
0.25657798772450985,0.6838020103285156,0.05962000194697444,Enrolled
0.020547548248504466,0.006725605123317308,0.9727268466281782,Dropout
0.8577497572707219,0.06164497923064387,0.08060526349863416,Enrolled
0.16402732585000898,0.017671094986535546,0.8183015791634555,Dropout
0.10928898545853036,0.7872935184553379,0.1034174960861318,Graduate
0.11872935811360463,0.8298411055122511,0.051429536374144214,Enrolled
0.09614186799482025,0.8771216017740149,0.026736530231164856,Graduate
0.0002408190024375611,9.952016704302581e-05,0.9996596608305195,Dropout
0.004947442786763213,0.0013071847517899028,0.9937453724614469,Dropout
0.16667966726708444,0.7633371615409542,0.06998317119196132,Graduate
0.039900712086799774,0.9496981932428759,0.01040109467032444,Enrolled
0.06635079318697683,0.909762982564893,0.023886224248130354,Enrolled
0.020210050209877057,0.9764392456613727,0.0033507041287501975,Graduate
0.017311578635387154,0.9749583384541652,0.00773008291044754,Graduate
0.01028613390707322,0.9738119885303446,0.015901877562582215,Graduate
0.00160393011389378,0.0013603706093331682,0.9970356992767729,Dropout
0.16681076241648626,0.6908393436823,0.14234989390121372,Graduate
0.17624543015217148,0.8046237220011043,0.019130847846724124,Graduate
0.05216254096242073,0.006344188600165598,0.9414932704374136,Dropout
0.054548163258229414,0.9352339167388759,0.010217920002894818,Graduate
0.0030465748109867316,0.004835951892791581,0.9921174732962217,Dropout
0.31653115835421236,0.6601062975667674,0.02336254407902026,Graduate
0.0017017157489826037,0.00017786964949750833,0.9981204146015198,Dropout
0.15935768273421927,0.6896909493818572,0.15095136788392358,Graduate
0.007603606350145995,0.9702137641765415,0.02218262947331254,Graduate
0.001913319193980702,0.0011908730093783788,0.9968958077966409,Dropout
0.004021613856189307,0.00033335885501867935,0.9956450272887919,Dropout
0.044905904931398885,0.9258023271734847,0.02929176789511655,Graduate
0.03533911701865552,0.926364351978179,0.038296531003165414,Graduate
0.011015033829774416,0.00041226031673788675,0.9885727058534877,Dropout
0.46855406674606753,0.3252692000043093,0.20617673324962313,Enrolled
0.4609527962140523,0.299583894528185,0.23946330925776277,Dropout
0.005550337640549734,0.0036180516171269886,0.9908316107423232,Dropout
0.0017195599556113286,0.00022078826681192946,0.9980596517775768,Dropout
0.008341250388427134,0.004378466174574544,0.9872802834369984,Dropout
0.4294578675406731,0.0028215327251214987,0.5677205997342053,Dropout
0.033789147734128396,0.9537098188483266,0.012501033417545165,Graduate
0.0538375944246418,0.9145796794517733,0.03158272612358474,Graduate
0.2710982864746865,0.7048204361803435,0.024081277344970006,Enrolled
0.016495547419931755,0.9448391518187174,0.03866530076135088,Graduate
0.2464654697678299,0.6982420703463609,0.055292459885809137,Enrolled
0.2194905886207127,0.7533313277142096,0.027178083665077797,Enrolled
0.1690333367069399,0.8039631476989906,0.027003515594069414,Enrolled
0.03988070301266001,0.0048988356046480675,0.9552204613826918,Dropout
0.464486896270998,0.17596519433115268,0.35954790939784925,Dropout
0.019673813918767314,0.9610889592220387,0.019237226859194125,Graduate
0.6369772329006367,0.05926250354333615,0.30376026355602725,Enrolled
0.16663762864214998,0.006794665091999672,0.8265677062658503,Enrolled
0.27400050322937,0.0028401141523298787,0.7231593826183003,Dropout
0.04680899514437521,0.8852846680532824,0.06790633680234251,Graduate
0.033405681628514795,0.9620049630791127,0.004589355292372524,Graduate
0.2064687954351443,0.7648701110514734,0.028661093513382377,Graduate
0.012404522585864695,0.0038443584235100512,0.9837511189906253,Dropout
0.015977496472024736,0.001253247199930633,0.9827692563280447,Dropout
0.020583210297336507,0.9648608418774504,0.014555947825213257,Graduate
0.04134244660087641,0.93578743112237,0.02287012227675366,Graduate
0.007090415993629416,0.9878977196962851,0.005011864310085315,Graduate
0.04094966797676548,0.948283466337045,0.010766865686189574,Graduate
0.007501642417366853,0.0007275777315811175,0.991770779851052,Dropout
0.038150076409887136,0.0007669480227966241,0.9610829755673164,Dropout
0.4190567018533957,0.03611525326687866,0.5448280448797256,Dropout
0.004061218926404119,0.0006880610479782312,0.9952507200256178,Dropout
0.006814203987554657,0.9856757599189249,0.007510036093520342,Graduate
0.007668504968987015,0.004614200277518449,0.9877172947534946,Dropout
0.16056417542359563,0.0008131397633341355,0.8386226848130702,Dropout
0.058085024115383056,0.0033917550706438217,0.9385232208139732,Dropout
0.008309847724925849,0.01430797696765996,0.9773821753074143,Dropout
0.21154427962764957,0.14907287535552133,0.6393828450168292,Dropout
0.02053174319647286,0.9668624954176174,0.012605761385909867,Graduate
0.23582133629960067,0.0047905905727497235,0.7593880731276496,Dropout
0.004171363623515261,0.002683210598803644,0.9931454257776811,Dropout
0.10078014355721585,0.004461998029868111,0.894757858412916,Dropout
0.4828067750487895,0.18728755446586778,0.32990567048534275,Enrolled
0.015054844964423853,0.9762501994412758,0.0086949555943004,Graduate
0.013079052065552557,0.9792410484940312,0.007679899440416438,Graduate
0.0047955009915131895,0.00032812626995272834,0.994876372738534,Dropout
0.02466210200573689,0.010846159483907112,0.9644917385103561,Dropout
0.05345124582273585,0.9350990008668044,0.011449753310459724,Graduate
0.7834023495918754,0.1296862682109342,0.08691138219719036,Dropout
0.6707505572639726,0.004962038333674477,0.324287404402353,Enrolled
0.5669478407208257,0.0815660004277942,0.35148615885138,Dropout
0.12068324104911687,0.8436664037564429,0.035650355194440396,Graduate
0.101428950852657,0.003516829932754523,0.8950542192145885,Dropout
0.026821005218289153,0.004217656235596668,0.9689613385461142,Dropout
0.08733213394436898,0.9061979940808597,0.006469871974771404,Graduate
0.10745868190821667,0.8751243525211613,0.017416965570622236,Graduate
0.05023390082633836,0.9419836247478036,0.007782474425858033,Graduate
0.032105347597971165,0.007350768538397718,0.9605438838636311,Dropout
0.010050855755758007,0.975551390729338,0.014397753514904157,Graduate
0.7998434885950448,0.025993296497411975,0.17416321490754322,Enrolled
0.01537597259549875,0.006934361623561958,0.9776896657809392,Graduate
0.0019111697651199128,0.0005349878642992707,0.9975538423705808,Dropout
0.6853515557189178,0.19731573295175728,0.11733271132932496,Enrolled
0.03837660185534012,0.0017480229088557432,0.959875375235804,Dropout
0.05690679703432905,0.9112846542499982,0.03180854871567266,Graduate
0.17465532446224652,0.7894310260533111,0.035913649484442284,Enrolled
0.007916738965462631,0.9869247508253822,0.0051585102091552095,Graduate
0.03011325013448205,0.002631060695281004,0.967255689170237,Dropout
0.011179453635349747,0.9826334758270353,0.006187070537615064,Graduate
0.024671649082824407,0.9612428012573261,0.014085549659849678,Graduate
0.8349319458983449,0.11889046948298866,0.04617758461866645,Enrolled
0.026699561757753287,0.967454115651215,0.005846322591031785,Graduate
0.0077509632800378215,0.003683040659088613,0.9885659960608736,Dropout
