pred_Enrolled,pred_Graduate,pred_Dropout,true
0.007070625938241719,0.0005259778879959002,0.9924033961737624,Dropout
0.03739333088116536,0.1241228629379505,0.8384838061808843,Dropout
0.606113763607308,0.06507655565000817,0.328809680742684,Dropout
0.4448040515859949,0.4802385897938245,0.07495735862018064,Graduate
0.021740658115089278,0.9212475313581874,0.057011810526723286,Graduate
0.02784563822933845,0.9166960433376551,0.055458318433006415,Graduate
0.07626292967719266,0.11210679997075766,0.8116302703520496,Graduate
0.05689250220650532,0.8525926167464004,0.09051488104709438,Graduate
0.005465729363559737,0.0034895564090286837,0.9910447142274116,Dropout
0.004917305627793494,0.0035652929972685623,0.9915174013749378,Dropout
0.004930265477230769,0.0004187640760530382,0.9946509704467161,Dropout
0.004409311689531358,0.0037737096097962297,0.9918169787006723,Dropout
0.6993897824370986,0.10452426117659412,0.19608595638630727,Enrolled
0.06524477186068406,0.06332507862306301,0.871430149516253,Dropout
0.05757793900277987,0.00424447099400792,0.9381775900032123,Dropout
0.008422149986807952,0.9895274393019243,0.00205041071126766,Graduate
0.12836969962159223,0.0027443422231653073,0.8688859581552425,Dropout
0.029037393261341422,0.9591549320030802,0.011807674735578406,Graduate
0.13571443788293147,0.7680843021601842,0.09620125995688425,Graduate
0.010001970325518394,0.9675048403376889,0.022493189336792795,Graduate
0.04649329040039685,0.005072650786354807,0.9484340588132483,Dropout
0.06116490608895363,0.13945060805798803,0.7993844858530583,Dropout
0.1401918473455985,0.8410500089444682,0.018758143709933162,Graduate
0.08238849620919757,0.8960039976033268,0.02160750618747554,Graduate
0.3479417204074565,0.5203300124540918,0.1317282671384517,Enrolled
0.004021888586281149,0.9912280199542202,0.004750091459498705,Graduate
0.014665285530700596,0.9825888185906002,0.002745895878699015,Graduate
0.7288075153716443,0.06581634782299536,0.20537613680536018,Enrolled
0.0032630905188368036,0.0001523512062571273,0.9965845582749061,Dropout
0.004051934376046681,0.0014782114786491634,0.9944698541453041,Dropout
0.0026781796643618985,0.0001461082327922575,0.997175712102846,Dropout
0.048064040923454246,0.9396963252131146,0.012239633863431097,Dropout
0.5278318803844139,0.3930059173150251,0.07916220230056095,Graduate
0.8413275745624643,0.02399513747251178,0.13467728796502385,Enrolled
0.07167361700938917,0.9026362290329366,0.025690153957674145,Graduate
0.024259987030896563,0.9488835252857225,0.02685648768338092,Graduate
0.07029676227231485,0.004575808410957594,0.9251274293167276,Enrolled
0.07259790580283962,0.9126783568528629,0.014723737344297612,Graduate
0.043092373416079584,0.9451608089606448,0.011746817623275526,Graduate
0.029762829710883797,0.956248294875338,0.013988875413778176,Graduate
0.04143402530614376,0.9461713184078473,0.01239465628600904,Graduate
0.006351558081932421,0.9876418660670899,0.006006575850977613,Graduate
0.7457152231481305,0.11676404775204978,0.13752072909981972,Enrolled
0.10706654526889285,0.011706917269617928,0.8812265374614893,Dropout
0.052698230207358816,0.9158027640847617,0.031499005707879536,Graduate
0.004860860501960477,0.9922571918397086,0.0028819476583308266,Graduate
0.025929246132177747,0.002154820756983563,0.9719159331108386,Dropout
0.01997766860279298,0.008266284414601461,0.9717560469826055,Dropout
0.5571610873375519,0.4013961773456357,0.041442735316812494,Enrolled
0.0103833532376277,0.9853282652649727,0.00428838149739964,Graduate
0.04451980198273088,0.9450471210179758,0.010433076999293226,Graduate
0.011227781546255582,0.9826068830182711,0.006165335435473224,Graduate
0.06346531170316841,0.005786390057378467,0.930748298239453,Dropout
0.03664264879263026,0.9540186673457374,0.009338683861632398,Graduate
0.11722658685216501,0.1416651585508154,0.7411082545970196,Dropout
0.6409961948573202,0.227159493212145,0.13184431193053475,Enrolled
0.7952878371332831,0.07886619903338646,0.1258459638333306,Enrolled
0.01615328136783346,0.9621551780068477,0.02169154062531894,Graduate
0.003135769217388425,3.794293943442565e-05,0.9968262878431773,Dropout
0.14024562060069184,0.8423708754026318,0.017383503996676406,Graduate
0.06182608465980562,0.9304351569337032,0.007738758406491129,Graduate
0.023145014803209102,0.9727299924907519,0.0041249927060390944,Graduate
0.016075981589634497,0.007980939289464516,0.9759430791209011,Dropout
0.6038225834988652,0.25215431488634643,0.1440231016147884,Dropout
0.8895900174365736,0.004550381267620153,0.10585960129580611,Enrolled
0.05631278657093852,0.003427490814552987,0.9402597226145085,Dropout
0.023602865582351137,0.9677370318289369,0.008660102588712129,Graduate
0.037159911457554935,0.2558908296783239,0.7069492588641211,Dropout
0.017949709755898817,0.9735307757233005,0.008519514520800799,Graduate
0.8478060834878897,0.06701367703183993,0.08518023948027045,Enrolled
0.012221117525079627,0.0002984552052733576,0.9874804272696469,Dropout
0.04100344155584895,0.0032725837237700386,0.955723974720381,Enrolled
0.7275166299601009,0.19160462861880653,0.08087874142109253,Graduate
0.0011819983449811563,0.0003326492435295515,0.9984853524114892,Dropout
0.04327157289850624,0.6653640148238235,0.29136441227767024,Graduate
0.00558045481410437,0.00016544012787603413,0.9942541050580197,Dropout
0.12270052192473069,0.8463788362709644,0.030920641804304837,Graduate
0.09523854452672062,0.8637242812503183,0.04103717422296101,Graduate
0.0034218741174037223,0.0044122091533633015,0.992165916729233,Dropout
0.1001434054194227,0.8855568522828083,0.014299742297768928,Graduate
0.05380074023660257,0.8897371098310827,0.05646214993231468,Graduate
0.04592188596062927,0.9425569169538732,0.011521197085497703,Graduate
0.0356511699289559,0.7913650157741966,0.17298381429684745,Graduate
0.69099337372117,0.06697717799497234,0.24202944828385767,Enrolled
0.35110344601655785,0.25964375348562063,0.3892528004978216,Enrolled
0.008856769389263637,0.007837950590445817,0.9833052800202906,Dropout
0.4737709504808337,0.25603345672641153,0.27019559279275474,Graduate
0.013286553888155719,0.9792802806653269,0.0074331654465174864,Graduate
0.17267429898062694,0.0018042282108792233,0.8255214728084939,Enrolled
0.019192651826348592,0.9687031903940095,0.012104157779641678,Graduate
0.013791210540486999,0.0022529647061555317,0.9839558247533574,Dropout
0.023765586165046794,0.9653473751329635,0.010887038701989812,Graduate
0.09769509784855875,0.8049692683482527,0.0973356338031885,Enrolled
0.7769458421106926,0.00551325359898186,0.21754090429032535,Enrolled
0.021894944775554072,0.9664856729584396,0.011619382266006163,Graduate
0.11212802548118272,0.8693855325861904,0.018486441932626854,Graduate
0.02015438587113452,0.9627622752301909,0.017083338898674624,Graduate
0.35964966719419966,0.20674918309167703,0.4336011497141233,Dropout
0.013225986357282005,0.9821973803278071,0.004576633314911093,Graduate
0.007985905843984025,0.0016077805614584694,0.9904063135945574,Dropout
0.0748540022029473,0.11737043887316316,0.8077755589238895,Dropout
0.4589063565632763,0.3435369064204049,0.1975567370163189,Enrolled
0.0032284594470871897,0.0035484528299864243,0.9932230877229264,Dropout
0.1012607518769619,0.08597942718886578,0.8127598209341724,Enrolled
0.043605428231268846,0.9370561379800361,0.01933843378869509,Graduate
0.030552448072727466,0.9462822999545878,0.02316525197268476,Graduate
0.04280326944521991,0.8136491892572084,0.14354754129757183,Graduate
0.033606731909841085,0.9341708004807139,0.032222467609445096,Graduate
0.03618349791240702,0.851951677723913,0.11186482436367995,Graduate
0.02475162482297764,0.0023085149456327117,0.9729398602313896,Dropout
0.005225301251060681,0.9848277919010872,0.009946906847852315,Graduate
0.0016538452803430976,0.0001043979703156722,0.9982417567493413,Dropout
0.018771957611007896,0.012077980538584018,0.9691500618504081,Dropout
0.20554127554026852,0.7558327095794317,0.03862601488029981,Graduate
0.014671921821988142,0.00146773695319142,0.9838603412248205,Dropout
0.016228034479760768,0.9786234314128597,0.005148534107379476,Graduate
0.0077509644144146605,0.0015883610365911576,0.9906606745489941,Dropout
0.7917299047220254,0.08852247087835592,0.11974762439961853,Enrolled
0.027022081656799965,0.9466948189991028,0.02628309934409714,Graduate
0.01318577455811844,0.005274366178771156,0.9815398592631105,Dropout
0.06963679948303911,0.8818307688063395,0.048532431710621285,Graduate
0.01935764532763987,0.9675062740333017,0.01313608063905852,Graduate
0.3326614919450849,0.5553892158996983,0.11194929215521678,Graduate
0.022698432604258415,0.9595434027502187,0.01775816464552289,Graduate
0.26488842987646954,0.7168432435072483,0.018268326616282186,Enrolled
0.026447426122716684,0.0027220494208159375,0.9708305244564674,Dropout
0.05666733885665617,0.9176805058756619,0.025652155267682025,Graduate
0.08783944287829307,0.8933129144843632,0.01884764263734363,Graduate
0.0021695814430730425,0.00022270378464420932,0.9976077147722827,Dropout
0.015453303235154304,0.0011604427402453293,0.9833862540246004,Dropout
0.4906172684983724,0.009248895255958074,0.5001338362456694,Enrolled
0.17721854943032925,0.7659726630830226,0.05680878748664822,Graduate
0.030806851746657316,0.949139380426631,0.0200537678267117,Graduate
0.026574584131211706,0.9583070314893887,0.015118384379399613,Graduate
0.008483125494861687,0.97319039903145,0.018326475473688212,Graduate
0.017064560761526616,0.9733329472545093,0.009602491983964309,Graduate
0.02078354333517476,0.9698932935517938,0.00932316311303136,Graduate
0.6120839864932521,0.22648130062222288,0.16143471288452493,Dropout
0.05388107086167988,0.8392012388028081,0.10691769033551204,Graduate
0.35838101308429127,0.49585047327266984,0.14576851364303872,Graduate
0.014426711301458084,0.008566607733371626,0.9770066809651703,Dropout
0.11020783278178636,0.8315742753635204,0.05821789185469328,Graduate
0.4860244204529298,0.30613420279514514,0.20784137675192507,Dropout
0.023685641476448388,0.9618512679289003,0.014463090594651203,Graduate
0.07985212820137437,0.8922504888300361,0.02789738296858956,Graduate
0.003776118723987364,0.001981469325996864,0.9942424119500157,Dropout
0.08368405137545319,0.8359232783560842,0.08039267026846253,Graduate
0.08313499250500733,0.8971164833447496,0.01974852415024315,Graduate
0.5694746283753059,0.18740090673330978,0.24312446489138442,Graduate
0.011737664753529489,0.9722031812958344,0.016059153950636184,Graduate
0.01686185223944359,0.9754111805699998,0.007726967190556649,Graduate
0.012133849327410916,0.0039033985919128293,0.9839627520806763,Dropout
0.04666041680169826,0.004561491120243285,0.9487780920780585,Dropout
0.901428473103048,0.0647123229471028,0.03385920394984934,Enrolled
0.8101863433437455,0.10138633211484127,0.08842732454141332,Dropout
0.31159638650620164,0.5951141119418136,0.09328950155198484,Graduate
0.004994974655435758,0.003363584531195874,0.9916414408133682,Dropout
0.004780859202056918,0.0011365973816588187,0.9940825434162843,Dropout
0.26981461992700245,0.6107566304824227,0.11942874959057476,Graduate
0.7279113832615123,0.016995131616893686,0.2550934851215941,Dropout
0.03405044973911145,0.9474131032992454,0.018536446961643225,Graduate
0.020955454833206526,0.9719138330675806,0.007130712099212984,Graduate
0.043413636563487276,0.9441227794074362,0.01246358402907655,Graduate
0.7204296438159268,0.17616771895721675,0.10340263722685639,Enrolled
0.03164692111719083,0.9112471488727534,0.05710593001005562,Graduate
0.011217535498472264,0.0068694013409017094,0.981913063160626,Dropout
0.007398020584275344,0.9884878378173362,0.004114141598388606,Graduate
0.5140087757946153,0.3996059424588123,0.08638528174657235,Graduate
0.08370321978709452,0.9003295333002248,0.015967246912680633,Graduate
0.049340512949650174,0.942013565423295,0.00864592162705481,Graduate
0.014249662220547007,0.9493082672534093,0.036442070526043535,Graduate
0.4046580541260529,0.5430377495598777,0.052304196314069344,Graduate
0.024402541514393982,0.9665788589954143,0.00901859949019166,Graduate
0.19248936378658463,0.7277789491800953,0.07973168703332013,Graduate
0.017048032431900884,0.0035090287513155774,0.9794429388167835,Dropout
0.7616767437217766,0.1940826969900876,0.04424055928813575,Enrolled
0.09913527275675658,0.8719108461447898,0.028953881098453527,Graduate
0.022528072345549804,0.9738285233982019,0.003643404256248175,Graduate
0.369530756618071,0.008187577505623518,0.6222816658763055,Dropout
0.051620379156607936,0.009429147620292198,0.9389504732230999,Dropout
0.01802178099404625,0.9158779271905552,0.0661002918153986,Enrolled
0.0031741193224886356,0.0001781935755870285,0.9966476871019244,Dropout
0.030824278430222007,0.9492930190546495,0.019882702515128376,Graduate
0.008044761995661839,0.004381664987700518,0.9875735730166375,Dropout
0.3240686589721402,0.5091430868125008,0.166788254215359,Graduate
0.003658005419662041,0.0014066809216113792,0.9949353136587267,Dropout
0.901123149271389,0.018678495236324488,0.08019835549228657,Enrolled
0.022285965458313177,0.9019288321940584,0.07578520234762859,Dropout
0.5519293836343541,0.30824631519520135,0.13982430117044464,Enrolled
0.0729205556874133,0.005810185426843653,0.921269258885743,Dropout
0.2569381709115693,0.2918570733539038,0.4512047557345269,Enrolled
0.088049002476367,0.8872848529194967,0.02466614460413629,Graduate
0.03975107426073675,0.8327480763350905,0.12750084940417275,Graduate
0.5251686158580429,0.2402332516240343,0.23459813251792289,Graduate
0.8349323753741013,0.02577807893934842,0.13928954568655041,Enrolled
0.0785796727788803,0.8735986516538551,0.04782167556726445,Graduate
0.16681080979197807,0.014601743293476858,0.8185874469145451,Enrolled
0.17766841563857327,0.7745093918537505,0.04782219250767628,Graduate
0.20641946088475185,0.6597564400194595,0.13382409909578852,Dropout
0.0035613319956668043,0.010980051251304484,0.9854586167530288,Dropout
0.25862059911026014,0.7226753373984034,0.018704063491336475,Graduate
0.0020748318039120446,0.0006012073015009454,0.9973239608945871,Dropout
0.01296238283925879,0.9833101085272792,0.003727508633461988,Graduate
0.018296490359068565,0.9699696515577825,0.011733858083148982,Graduate
0.20589819037301474,0.7282662391122265,0.06583557051475875,Graduate
0.2340770919053324,0.016234605487422088,0.7496883026072454,Dropout
0.06451670341449146,0.9190110606975654,0.016472235887942943,Graduate
0.7883617905412568,0.010189047857380012,0.2014491616013632,Enrolled
0.11204759526369035,0.007068164565811,0.8808842401704987,Dropout
0.006651541679313339,0.9874168364227565,0.005931621897930317,Graduate
0.007967694470264464,0.000553397290909247,0.9914789082388263,Dropout
0.3972320415820878,0.44795032884884806,0.15481762956906409,Enrolled
0.6252123863271801,0.25809890846270345,0.11668870521011643,Enrolled
0.0012157572204033141,0.0023285687834391326,0.9964556739961574,Dropout
0.03169178743604083,0.941459062010182,0.026849150553777224,Graduate
0.16924652783432406,0.006505925922502667,0.8242475462431732,Dropout
0.22327004307942735,0.7432445084186198,0.03348544850195281,Graduate
0.6804507687767781,0.009090647521625177,0.3104585837015967,Enrolled
0.09787463790329967,0.8700885519529638,0.03203681014373671,Graduate
0.006986282859692498,0.009956202211652884,0.9830575149286546,Dropout
0.40998786714171537,0.0009940270229430051,0.5890181058353416,Dropout
0.011491064468288197,0.9822027142007849,0.006306221330926994,Graduate
0.14120202686697927,0.589118334017531,0.2696796391154898,Dropout
0.31674036191523314,0.6384994895338503,0.044760148550916534,Enrolled
0.017433529377689348,0.9715758884569459,0.010990582165364901,Graduate
0.009540731507800302,0.004207026353942422,0.9862522421382572,Dropout
0.0007507775835647944,0.0002826153844706769,0.9989666070319646,Dropout
0.41960169851921236,0.005945807730477226,0.5744524937503105,Dropout
0.11978561808285865,0.8282786922083435,0.05193568970879775,Graduate
0.07051104589409776,0.006844573150772791,0.9226443809551295,Dropout
0.05808369344273133,0.01419477647617289,0.9277215300810958,Dropout
0.07391342147811901,0.0033466872146304086,0.9227398913072505,Dropout
0.0015514790599263726,0.0009892737304362247,0.9974592472096374,Dropout
0.6300405277767623,0.33489850360132295,0.03506096862191473,Enrolled
0.06278691771122895,0.9090180317945147,0.028195050494256364,Graduate
0.01101566402084232,0.002146164310968906,0.9868381716681889,Dropout
0.06115238210423547,0.923275981158641,0.01557163673712361,Graduate
0.05513688139942021,0.9078212665346608,0.03704185206591909,Graduate
0.01760003404532494,0.9719799683872878,0.010419997567387066,Graduate
0.018349367786115022,0.9738580720483784,0.00779256016550658,Graduate
0.042536021970833476,0.9412161510832199,0.016247826945946543,Graduate
0.02706947327898711,0.005159698662953262,0.9677708280580597,Dropout
0.1642643418132116,0.7904957108338507,0.04523994735293771,Graduate
0.012450854975036051,0.9729849578072065,0.014564187217757603,Graduate
0.7037983700863929,0.11894850552107088,0.17725312439253627,Enrolled
0.0008044358337159328,0.0004473714349911024,0.998748192731293,Dropout
0.7190788605036639,0.21924274823441958,0.06167839126191656,Graduate
0.0032692108163784725,0.00022003075952659463,0.9965107584240949,Dropout
0.6321108043457335,0.19855833879743903,0.16933085685682744,Dropout
0.5614930023805571,0.14950714343574867,0.28899985418369434,Enrolled
0.7180354827865303,0.24098192732511295,0.04098258988835677,Graduate
0.07065468916657755,0.9046761252585537,0.02466918557486885,Graduate
0.13980720196292115,0.6146846830887073,0.24550811494837163,Dropout
0.751019713263401,0.16401495136164132,0.08496533537495764,Enrolled
0.009551982452147341,0.0009348901844560154,0.9895131273633966,Dropout
0.10542496959290805,0.8705611340178468,0.0240138963892451,Graduate
0.06601310530408758,0.9147122194503363,0.019274675245575967,Enrolled
0.7713700918794926,0.16992686950051106,0.05870303861999643,Dropout
0.23189523708192417,0.574793377553514,0.19331138536456183,Graduate
0.4191497001338179,0.33315322972025646,0.2476970701459256,Graduate
0.7765667419617133,0.15740462070415528,0.06602863733413157,Enrolled
0.506281770115527,0.004308866542129423,0.48940936334234364,Dropout
0.055340654625183464,0.9141530451765619,0.030506300198254704,Enrolled
0.4396104522077062,0.2973673566527662,0.2630221911395277,Enrolled
0.7860622362627311,0.03403447888195009,0.17990328485531876,Dropout
0.11671417099787913,0.8574482932447542,0.02583753575736664,Graduate
0.04414154442928777,0.9458643514156218,0.009994104155090482,Graduate
0.007436957733089944,0.9810909412764752,0.011472100990434702,Graduate
0.06568750193491979,0.9197247415728098,0.014587756492270244,Graduate
0.05926967678821472,0.9317361268042011,0.008994196407584065,Graduate
0.04845965661887362,0.9375407417437204,0.013999601637406088,Graduate
0.027763834263971103,0.9666696625361533,0.005566503199875662,Graduate
0.017095334073708817,0.9485066955204308,0.03439797040586052,Graduate
0.8142285530351384,0.014072740924964518,0.17169870603989706,Enrolled
0.7986084055395845,0.01441474290893523,0.18697685155148022,Dropout
0.10479085166210317,0.8856959095006192,0.009513238837277765,Graduate
0.00635549577169057,0.0024481978347768167,0.9911963063935326,Dropout
0.03760990123174933,0.9466743130245114,0.015715785743739375,Graduate
0.7058063814613703,0.1629083009002782,0.13128531763835144,Enrolled
0.007367912341635968,0.9805285080356306,0.012103579622733507,Graduate
0.12324143372917311,0.8514127384412337,0.02534582782959335,Graduate
0.05705082685712987,0.8708347507455164,0.07211442239735374,Graduate
0.17067497459067504,0.781274475204018,0.04805055020530687,Graduate
0.6266699377485221,0.06914531481480371,0.3041847474366742,Dropout
0.7271219022225555,0.16389469336736992,0.10898340441007455,Enrolled
0.5497552906618695,0.12257611120806192,0.32766859813006866,Enrolled
0.641785268107695,0.09372795716335633,0.2644867747289487,Enrolled
0.07055643475765937,0.8983924661773979,0.031051099064942744,Graduate
0.02899849534995506,0.9552457920717597,0.015755712578285237,Graduate
0.20486196834013545,0.6571062771442774,0.13803175451558714,Graduate
0.03796281532391224,0.0033003900070120596,0.9587367946690756,Dropout
0.4659061685472337,0.14449054694372143,0.38960328450904497,Enrolled
0.7547624247054879,0.07912379075968702,0.16611378453482498,Enrolled
0.00354203561968645,0.9902692137075276,0.006188750672786009,Graduate
0.007994968326550224,0.976763254820703,0.01524177685274671,Graduate
0.8134644906066095,0.1197981248852893,0.06673738450810107,Enrolled
0.6913359344358051,0.06847637416096083,0.24018769140323395,Enrolled
0.007313182732976177,0.0006898303839881003,0.9919969868830356,Dropout
0.08629342637187255,0.007116008980010121,0.9065905646481173,Dropout
0.025837309773827945,0.955473748922527,0.018688941303645165,Graduate
0.013780009951626404,0.00261923456445077,0.9836007554839228,Dropout
0.092957146175903,0.0022426243316616455,0.9048002294924353,Dropout
0.0753369379413229,0.8807942804226666,0.043868781636010504,Graduate
0.0019312303209841363,0.0005048289527372665,0.9975639407262786,Dropout
0.010616940998185487,0.9773415782314255,0.012041480770389081,Graduate
0.01193806933308563,0.00023695006632276736,0.9878249806005915,Dropout
0.08146647643027992,0.11144551896214926,0.8070880046075709,Dropout
0.8782139974173672,0.024564007413943618,0.09722199516868914,Enrolled
0.01100335555865354,0.9814179572944873,0.00757868714685927,Graduate
0.0927095502501479,0.8340276078910093,0.07326284185884285,Graduate
0.021840568825087874,0.0013370895532477183,0.9768223416216643,Dropout
0.3700496299872926,0.5453459068826244,0.08460446313008292,Graduate
0.01018005263579936,0.9805278001082826,0.009292147255918046,Graduate
0.0023369974035718118,0.00369210120006799,0.9939709013963602,Dropout
0.005460452886271791,0.0011553505776943326,0.9933841965360338,Dropout
0.3127597111015639,0.6774223075374459,0.009817981360990217,Graduate
0.024925577388838414,0.9606510353565697,0.014423387254591835,Graduate
0.406855659559315,0.5441511731782226,0.04899316726246241,Graduate
0.21535502927479272,0.759615152575987,0.025029818149220156,Graduate
0.005981878444410952,0.0038210047946537497,0.9901971167609352,Dropout
0.2152136565425025,0.6372086435201195,0.14757769993737804,Dropout
0.4073805763406842,0.4731029835267281,0.11951644013258764,Graduate
0.29308969685226516,0.6559205584223824,0.05098974472535248,Graduate
0.04839068140496465,0.9411661271348021,0.010443191460233295,Graduate
0.018339147819567365,0.974332509272386,0.007328342908046585,Graduate
0.017181205018786127,0.9769310759104973,0.0058877190707164444,Graduate
0.01271598206575518,0.005183099323394043,0.9821009186108507,Dropout
0.07547791303359386,0.8388485133398004,0.08567357362660573,Graduate
0.038201831348142874,0.9536489078299123,0.008149260821944785,Graduate
0.5105980003359645,0.41763892595826163,0.07176307370577376,Enrolled
0.6759826880303631,0.020012419100152147,0.30400489286948473,Enrolled
0.07003452577309499,0.8961793425533635,0.033786131673541615,Graduate
0.11802467466445418,0.8581828234265876,0.023792501908958312,Enrolled
0.010884878452686262,0.006183563493633935,0.9829315580536798,Dropout
0.00254650220993558,0.001131476856962568,0.9963220209331018,Dropout
0.0015107311143322225,0.0007396076250298678,0.997749661260638,Dropout
0.8604690346851253,0.005750448932228915,0.13378051638264576,Enrolled
0.15874423234104984,0.8044987915782761,0.036756976080673964,Graduate
0.8457720742663786,0.10095132155901097,0.053276604174610415,Enrolled
0.05917518981984536,0.0066745561352954666,0.9341502540448592,Dropout
0.49018016690088256,0.020140504439023307,0.48967932866009417,Enrolled
0.084630262397275,0.034584813579123366,0.8807849240236016,Dropout
0.5608456526925996,0.3615847560090773,0.07756959129832304,Dropout
0.43436905103395324,0.4535335798171026,0.11209736914894418,Graduate
0.0008693513672927185,0.0007137209408505526,0.9984169276918566,Dropout
0.00829367448409971,0.0005407234346881381,0.9911656020812121,Dropout
0.07764091865746817,0.876063204472995,0.0462958768695368,Graduate
0.008584264290864988,0.9859248502563883,0.005490885452746694,Graduate
0.542188840189182,0.16139933515677862,0.2964118246540393,Dropout
0.02831429770142762,0.931814640412299,0.03987106188627328,Graduate
0.808410052679572,0.10288453610602562,0.08870541121440251,Graduate
0.045527191185519435,0.9063816314346334,0.048091177379847146,Graduate
0.7705180607490701,0.007111676405292252,0.2223702628456376,Enrolled
0.02234618157815832,0.939590156395624,0.03806366202621753,Graduate
0.08403081274300064,0.8850161920309404,0.03095299522605898,Graduate
0.2892844668428624,0.5123438949426682,0.19837163821446932,Dropout
0.8206466943339531,0.04146453382649056,0.13788877183955647,Enrolled
0.046557973397858554,0.0023630729550756526,0.9510789536470657,Dropout
0.006568925686125774,0.0003648316270866137,0.9930662426867876,Dropout
0.06767264733324653,0.012555489693709893,0.9197718629730436,Dropout
0.5117206837510104,0.00917971335025644,0.47909960289873316,Enrolled
0.012407713477213325,0.001039017122330315,0.9865532694004564,Dropout
0.5994622172495924,0.36036632634966353,0.040171456400744154,Enrolled
0.02991610124470641,0.9625453685900135,0.007538530165280197,Graduate
0.04078080895122055,0.945473737248321,0.013745453800458414,Graduate
0.03057252171964241,0.943766213345879,0.025661264934478782,Graduate
0.07145757068029944,0.8829451932781176,0.04559723604158301,Graduate
0.08363247423001802,0.9022658355369634,0.01410169023301844,Graduate
0.00438660934892423,0.002787823453588485,0.9928255671974873,Dropout
0.4139605635722741,0.0014037841261661604,0.5846356523015598,Enrolled
0.01658376217816115,0.9785819664869274,0.004834271334911536,Graduate
0.1535876384188429,0.7087418261607827,0.13767053542037436,Graduate
0.4642595018858982,0.2384026194782358,0.297337878635866,Graduate
0.021506188654365932,0.0019049793059735616,0.9765888320396605,Dropout
0.008042621966029643,0.003355765976795279,0.9886016120571751,Dropout
0.046760813178165564,0.06891669365919897,0.8843224931626356,Dropout
0.07418331614901165,0.8816247460411597,0.0441919378098288,Enrolled
0.7365867359447523,0.13455807899270286,0.12885518506254479,Enrolled
0.11496143290956885,0.11466180179371108,0.7703767652967201,Dropout
0.21391462356884106,0.7535543379344527,0.03253103849670622,Graduate
0.12058668203092818,0.859024916216238,0.02038840175283393,Graduate
0.04860781341063244,0.015352988146066048,0.9360391984433015,Dropout
0.010895193380356367,0.977452615258399,0.011652191361244554,Graduate
0.0276202494069775,0.752511700119525,0.2198680504734974,Enrolled
0.6159693770414337,0.17718380500991657,0.20684681794864965,Enrolled
0.06199748873778859,0.9275682204285982,0.010434290833613101,Graduate
0.02663371132534754,0.9426323510188765,0.030733937655775728,Graduate
0.7676035661586256,0.084823381524903,0.14757305231647136,Graduate
0.7103902127149787,0.1834634760965809,0.10614631118844031,Enrolled
0.09828718343920723,0.8547954907606472,0.0469173258001456,Graduate
0.016185755691016827,0.9655573070174323,0.01825693729155088,Graduate
0.04961090327018869,0.9339597932298868,0.01642930349992445,Graduate
0.3473945656903871,0.5442947909478503,0.10831064336176267,Graduate
0.29484724164751336,0.6128278612999031,0.0923248970525835,Graduate
0.010926354709637891,0.9421832311863663,0.0468904141039959,Graduate
0.20947917362893934,0.7686112155053545,0.021909610865706173,Graduate
0.042715855684039905,0.0035792682095234394,0.9537048761064366,Enrolled
0.024221896361795357,0.9655965374239718,0.010181566214232766,Graduate
0.010555721309097373,0.0008316800287564707,0.9886125986621461,Dropout
0.0007358435927488383,0.0004995154866606821,0.9987646409205905,Dropout
0.09761523708276187,0.8737373659182734,0.028647396998964687,Graduate
0.2768590166495812,0.6989969029406065,0.02414408040981232,Graduate
0.002838453899063022,0.0010661855937315115,0.9960953605072054,Dropout
0.1876714171268091,0.7854606188934514,0.026867963979739506,Enrolled
0.4832697735721547,0.3356858025219644,0.18104442390588088,Dropout
0.004186908675451314,0.0023591712535459388,0.9934539200710026,Dropout
0.7921183740589032,0.03531960506408674,0.17256202087701006,Enrolled
0.10202977580835475,0.10610164783186463,0.7918685763597807,Dropout
0.006261380705080834,0.9762155257017981,0.017523093593121007,Graduate
0.0021021429620545627,0.0002483210001719282,0.9976495360377735,Dropout
0.061311262859692024,0.8990270545409823,0.039661682599325676,Graduate
0.6839702727886482,0.041644939349589495,0.2743847878617623,Enrolled
0.025319649405347342,0.9599101130463864,0.014770237548266308,Graduate
0.011826558519441172,0.9675075397391188,0.02066590174144006,Graduate
0.3865582122570414,0.0033745524486354806,0.610067235294323,Enrolled
0.020015610815566562,0.9623475113414542,0.017636877842979282,Graduate
0.06758804096161801,0.0052717520938967075,0.9271402069444852,Dropout
0.03312867927686967,0.9357151483718877,0.03115617235124253,Graduate
0.08160253102858152,0.8910749473630355,0.02732252160838308,Graduate
0.25607484574054007,0.7186025425656879,0.025322611693772104,Enrolled
0.05713529384414683,0.013987024944820965,0.9288776812110322,Dropout
0.4476027530727682,0.12298734933308086,0.4294098975941511,Dropout
0.7171935232249089,0.12870872188272833,0.15409775489236274,Enrolled
0.03547671455375813,0.953341310412842,0.011181975033399833,Graduate
0.39120619529394285,0.5711115897932528,0.037682214912804254,Graduate
0.5770633136964958,0.011011656452927007,0.41192502985057733,Enrolled
0.004660959594706562,0.0016648979844124051,0.9936741424208809,Dropout
0.017876511278707066,0.9687655880889541,0.013357900632338963,Dropout
0.0012444966623961526,0.0007930385483809733,0.997962464789223,Dropout
0.06827748274083587,0.903524957914705,0.028197559344459038,Graduate
0.013068537313196614,0.9624249083264259,0.024506554360377478,Graduate
0.0981806074658957,0.8762197997439274,0.02559959279017699,Graduate
0.11068043831583925,0.8520823576735611,0.03723720401059956,Graduate
0.0034486667641513034,0.0007756834990149243,0.9957756497368339,Dropout
0.5810747338334994,0.02758341128553562,0.391341854880965,Dropout
0.12031708868374882,0.8637729044664909,0.015910006849760353,Graduate
0.1880561241906833,0.10469707560422221,0.7072468002050945,Dropout
0.34914774775264806,0.5745423289679197,0.07630992327943226,Enrolled
0.4555864716532407,0.4056568390800327,0.1387566892667268,Enrolled
0.1029383791776007,0.42599730275277103,0.4710643180696283,Dropout
0.0073554168185961406,0.9809066236834344,0.011737959497969437,Graduate
0.6060967942309264,0.27086751050064123,0.12303569526843236,Enrolled
0.041695815524782645,0.002456817630938662,0.9558473668442786,Dropout
0.04109259080037922,0.0017858126922897647,0.9571215965073309,Dropout
0.12312818222818922,0.8129939292372969,0.06387788853451383,Graduate
0.04698478740721106,0.9443533582611721,0.008661854331616878,Graduate
0.2751572551798722,0.002179735288544596,0.7226630095315832,Dropout
0.013189176209637245,0.9000964972157952,0.08671432657456747,Graduate
0.027374594323077057,0.9271231601995247,0.0455022454773983,Graduate
0.0546515303872867,0.30287905752920635,0.6424694120835069,Dropout
0.04517454948574381,0.03481239774273441,0.9200130527715218,Enrolled
0.05492665874914484,0.9331044910436572,0.011968850207198015,Graduate
0.011820705731100632,0.9797938173944497,0.008385476874449616,Graduate
0.009003103726042776,0.9706654361006543,0.02033146017330301,Graduate
0.0033052791232060313,0.9862367781731025,0.010457942703691527,Graduate
0.005488167726013691,0.004389549287662454,0.9901222829863239,Dropout
0.4965989039963674,0.2528780957931834,0.25052300021044904,Dropout
0.19845386204751814,0.00446607347542579,0.797080064477056,Dropout
0.8219974139622318,0.0375095335268634,0.14049305251090477,Dropout
0.17353150964516922,0.37700751819399875,0.449460972160832,Graduate
0.49618812661968237,0.041519379818439346,0.46229249356187824,Enrolled
0.2885506848593362,0.0015310029501363744,0.7099183121905274,Dropout
0.3286652578270079,0.465318322053326,0.2060164201196661,Graduate
0.08581339181448894,0.0011018343883325349,0.9130847737971786,Enrolled
0.10492445874607774,0.8809149035714822,0.01416063768244013,Graduate
0.028437590214848606,0.009722621990759451,0.9618397877943918,Dropout
0.032864382341788685,0.9491283908777496,0.01800722678046176,Graduate
0.4461185413068308,0.5189512054086205,0.03493025328454874,Graduate
0.04020329689609218,0.949378973522447,0.01041772958146097,Graduate
0.04647824307302427,0.9381032205547086,0.015418536372267066,Graduate
0.11694204092123853,0.004221730076293177,0.8788362290024683,Dropout
0.6108064196681092,0.3028926718325897,0.08630090849930092,Enrolled
0.058625964120488365,0.9358650080548203,0.00550902782469125,Graduate
0.01757006211913066,0.9699713021323191,0.012458635748550289,Graduate
0.538159819770102,0.4031491896129305,0.05869099061696751,Enrolled
0.020979217682324382,0.004577713484920968,0.9744430688327547,Dropout
0.13644815874703162,0.8410799504555435,0.02247189079742494,Graduate
0.0070748551159017245,0.004855788751332833,0.9880693561327655,Dropout
0.42017981106659624,0.08664395070834406,0.49317623822505957,Enrolled
0.07050576446852837,0.0011995687556374905,0.9282946667758342,Dropout
0.00792755367792049,0.001390258907088945,0.9906821874149905,Dropout
0.010444037541737616,0.9480705923245816,0.041485370133680914,Graduate
0.04532204959734017,0.005088027255679745,0.9495899231469801,Dropout
0.041461252140057664,0.9432943120340941,0.015244435825848475,Graduate
0.005039156437266375,0.0024812290588651638,0.9924796145038685,Dropout
0.2820200807083315,0.6791703694527773,0.038809549838891226,Graduate
0.04145226806596802,0.9430605728116803,0.015487159122351603,Graduate
0.8368844120441276,0.020498263102921212,0.14261732485295112,Enrolled
0.023014208928955615,0.9651997768114121,0.011786014259632372,Graduate
0.0022196739806662276,0.9956751300665864,0.0021051959527473153,Graduate
0.20770060143302763,0.002059435996332387,0.79023996257064,Dropout
0.5758537543624993,0.3679295243620263,0.056216721275474474,Enrolled
0.12919330632661888,0.8425976437180305,0.028209049955350653,Graduate
0.3714077406508302,0.017849196278933752,0.6107430630702361,Dropout
0.007914160227803498,0.0004368198620068835,0.9916490199101895,Dropout
0.9062244323208914,0.039058142787959285,0.054717424891149315,Enrolled
0.8327772917171984,0.07105292977822812,0.09616977850457335,Dropout
0.5463249371421408,0.3522685009339257,0.10140656192393335,Enrolled
0.494488211555785,0.3722625909997021,0.13324919744451286,Enrolled
0.059667773870040526,0.004421894402134622,0.9359103317278249,Dropout
0.05701177446383826,0.9286188146894225,0.014369410846739185,Graduate
0.05912682667869075,0.0031412420020209965,0.9377319313192882,Dropout
0.027198660785699453,0.003843849946601408,0.9689574892676991,Dropout
0.7122178562072236,0.17000525726177873,0.11777688653099767,Graduate
0.1407729575932063,0.8198369943445448,0.03939004806224881,Graduate
0.6251875691084253,0.007749362318587663,0.3670630685729869,Enrolled
0.0070680550207354005,0.0027150457281989748,0.9902168992510656,Dropout
0.014530017240180479,0.9768472816420812,0.008622701117738246,Graduate
0.8057859652378795,0.015935348293327573,0.17827868646879302,Enrolled
0.3217792978332784,0.5796065255910724,0.09861417657564922,Enrolled
0.04226053815345327,0.9177436753139048,0.039995786532642,Graduate
0.5500900274214652,0.06500543014688501,0.3849045424316497,Enrolled
0.05169501803748532,0.0018773063723391396,0.9464276755901755,Dropout
0.015348076575742315,0.0038723102288937996,0.9807796131953639,Dropout
0.14643434722363977,0.001616206571051868,0.8519494462053083,Dropout
0.21513227529114473,0.765478127046638,0.019389597662217272,Enrolled
0.004786823697331864,0.00249761577864118,0.992715560524027,Dropout
0.8015058421716229,0.0783061536492492,0.1201880041791278,Enrolled
0.6375670236378703,0.22711905030644455,0.1353139260556852,Enrolled
0.7569558979188108,0.016745760670707367,0.2262983414104818,Enrolled
0.38637286972115054,0.3949339180710983,0.2186932122077512,Enrolled
0.002066697545171469,0.0018019756365942777,0.9961313268182344,Dropout
0.6255492004409138,0.0032438636448693424,0.37120693591421683,Enrolled
0.008080271195673495,0.9715457410388219,0.02037398776550466,Graduate
0.3656908621742483,0.5314021215730178,0.10290701625273387,Enrolled
0.0009399586229699273,0.0005342410944846362,0.9985258002825455,Dropout
0.034429567301204125,0.9440210122263453,0.021549420472450585,Graduate
0.8160614196513729,0.05342614395219265,0.13051243639643437,Enrolled
0.006678453003719331,0.9882231002182067,0.005098446778073909,Graduate
0.129339112860303,0.7772215626170013,0.09343932452269574,Graduate
0.05472405601459312,0.40308778259383243,0.5421881613915744,Dropout
0.32111173562780954,0.32000379283920927,0.35888447153298125,Graduate
0.026117670980735485,0.0012572854109062326,0.9726250436083582,Dropout
0.020417346085861775,0.006505010318587038,0.973077643595551,Dropout
0.12301266773254893,0.856197766067013,0.020789566200438103,Graduate
0.15629640999528044,0.7660769045870855,0.077626685417634,Enrolled
0.47525842163743687,0.26967583455114374,0.25506574381141917,Enrolled
0.09708131466367478,0.303578179021174,0.5993405063151512,Dropout
0.010049923845592794,0.985481764560097,0.0044683115943102885,Graduate
0.0005010420858484128,0.0005243184771084097,0.9989746394370432,Dropout
0.006396870927053289,0.0014832356223518721,0.9921198934505948,Dropout
0.06237009785985908,0.13154247898663166,0.8060874231535092,Graduate
0.014733049560967826,0.0008071431650537885,0.9844598072739785,Dropout
0.0029925222398076673,0.9897273576724158,0.007280120087776635,Graduate
0.011715290471505563,0.9682143333636958,0.02007037616479856,Graduate
0.04821701684085073,0.9405468565162802,0.011236126642868858,Graduate
0.751755473416135,0.11509152750661959,0.13315299907724548,Enrolled
0.08249342294062695,0.013697720690070905,0.9038088563693021,Dropout
0.2560727827787138,0.0031092418981364983,0.7408179753231497,Enrolled
0.0019999458715210753,0.0010109565909017148,0.9969890975375771,Dropout
0.00744188765790893,0.0012456008512202917,0.9913125114908709,Dropout
0.04351873927682284,0.9275296365520861,0.02895162417109104,Graduate
0.673407682489208,0.25448155622394303,0.072110761286849,Graduate
0.07248741339100409,0.8457354299156754,0.08177715669332063,Graduate
0.631254909090997,0.24959222126992037,0.1191528696390826,Enrolled
0.01538035507664716,0.975513248040353,0.009106396882999707,Graduate
0.0039094020347457065,0.0004469236000112498,0.9956436743652429,Dropout
0.014503009383366792,0.9741333199989795,0.011363670617653681,Graduate
0.2849722518865187,0.0032594895141938966,0.7117682585992873,Dropout
0.16555526419590463,0.77027675846265,0.06416797734144539,Graduate
0.9361675292819747,0.027114214719874397,0.03671825599815111,Graduate
0.6934763015355278,0.006052281978594331,0.30047141648587783,Enrolled
0.05594590074138131,0.9028514902815173,0.04120260897710131,Graduate
0.04390328269606313,0.9135336988588024,0.04256301844513432,Graduate
0.676850666228273,0.2773327639253612,0.04581656984636582,Enrolled
0.03201621784310372,0.003568980719449707,0.9644148014374465,Dropout
0.01754431485678745,0.002310647527736353,0.9801450376154763,Dropout
0.42549294477561583,0.005092717644169236,0.5694143375802149,Dropout
0.05064326770220066,0.0074243733681896955,0.9419323589296097,Dropout
0.0019849991593072504,0.9947331898691444,0.0032818109715484676,Graduate
0.530677835121836,0.1370943497366499,0.33222781514151406,Enrolled
0.02738227888372601,0.9575182563033269,0.015099464812947215,Graduate
0.0033614508857666343,0.0031166933503792437,0.993521855763854,Dropout
0.7970359821147432,0.01159462856274641,0.19136938932251016,Enrolled
0.8827447297750973,0.022124961181757594,0.09513030904314503,Enrolled
0.0005214348667296373,0.0006672780345046343,0.9988112870987658,Dropout
0.02129145963611242,0.9524465773590511,0.02626196300483641,Graduate
0.04760327045099802,0.003539094598748452,0.9488576349502535,Dropout
0.06278379359806122,0.8992192961485221,0.037996910253416546,Graduate
0.003214094248820177,0.0016071747428200909,0.9951787310083597,Dropout
0.7764794236797782,0.03482671227434853,0.18869386404587335,Enrolled
0.13726464968082477,0.8418299957201888,0.020905354598986403,Graduate
0.7806562338728659,0.00699896793528981,0.21234479819184432,Dropout
